0.20004371411110852	0.07592877806581351	0.033257987806601955	0.04086961416975632	0.09301334790000039	0.21156621179308793	0.24167640238876784	0.10364394376486327
0.21837867088319426	0.3759777708235691	0.04618761379022246	0.0052327666181864185	0.07201776839590325	0.15118242364052312	0.11573232605036297	0.015290659798038245
0.4554814967934032	0.03470239538905183	0.11766261121673735	0.12665991716280248	0.10406838034935978	0.08032124446680591	0.020911073534113783	0.0601928810877253
0.09059009543752602	0.16796578963009035	0.11787177753876042	0.08055040712483828	0.2630066856448604	0.08448922250716287	0.011974378231180222	0.18355164388558123
0.12010844115750988	0.11088011808853944	0.15993080237141136	0.22997200273054139	0.1277444014742213	0.05423346934325721	0.14590335652282596	0.05122740831169326
0.1656009131777285	0.2268998850638903	0.009208337232281996	0.020690759850838306	0.3267798030149367	0.13064164909388506	0.11587089740182836	0.004307755164610558
0.11620807478829777	0.38902313989132453	0.10219260591451798	0.041740112092135156	0.05843356041996178	0.058381702216880896	0.0864013136420913	0.14761949103479033
0.042061408402651546	0.002118340143450581	0.45707037256195493	0.17897018811562682	0.10237741701685649	0.026894188602398172	0.061395397125940845	0.12911268803112047
0.21656450644296635	0.01809184249607307	0.11488813502808715	0.26657903935323757	0.006865501622463244	0.12597638731721542	0.23540669664024	0.015627891099716962
0.2586753101422269	0.12895410461457812	0.2539414999447165	0.06739668984243521	0.005960410711322986	0.07797313583928477	0.03377632702193514	0.1733225218835001
0.16310668343971285	0.11555050116623101	0.13136023621143586	0.16693146884232377	0.007091794042302008	0.12042830353406893	0.11465146796129454	0.18087954480263083
0.08061421817723341	0.4383577640097778	0.07540191789647227	0.1256199238134416	0.020517990380856027	0.05134783681919397	0.012736849526196303	0.19540349937682847
0.010765188456925048	0.5335326661246107	0.024032338823334637	0.146502812304082	0.04137533146569486	0.07608463141497478	0.10524689127324818	0.062460140137129624
0.08408922282342297	0.08662493647718003	0.2623797310794119	0.0496967653075228	0.22190680904507398	0.06589434807926696	0.0612413649638561	0.168166822224265
0.028163822205066746	0.03979324097395469	0.17536144644259644	0.0375392849435222	0.14413124798823604	0.35831211256920203	0.0269373029931924	0.18976154188422928
0.037733426734801165	0.09311206582743689	0.15489456353784162	0.14298886464017924	0.11633530462777208	0.14178699504341838	0.04240251543212148	0.270746264156429
0.07156921361786567	0.2967109789791747	0.020636182239471237	0.0860945079120792	0.06743529730021632	0.07843912743701162	0.3609760587211685	0.018138633793012532
0.06458539409100716	0.3082042288655617	0.008101950373586464	0.04269821212274347	0.04636228739522863	0.19762489676046632	0.25995198568567063	0.07247104470573545
0.012172576326487008	0.1829784154129106	0.054364131232413945	0.006402940314779809	0.26190105027111377	0.02913665998329215	0.36761690782612233	0.08542731863288021
0.19302153094398547	0.10188151904546226	0.010904868547488275	0.03580188003892747	0.022669142631044387	0.31403691099393893	0.26889210008868586	0.052792047710467124
0.23079806626553834	0.1577568304460943	0.15560688802169548	0.14432431171559135	0.09284026566064296	0.08789293202500331	0.0910338599579461	0.039746845907487935
0.20219716881207372	0.005022947761058716	0.08671067719210397	0.28296632490780427	0.02025452447897849	0.013984252048219556	0.2602459539968043	0.12861815080295677
0.03942444033781478	0.1725027797715552	0.06556092753404344	0.18157671576940387	0.12682608402893697	0.0536251120085305	0.2659675270690635	0.09451641348065146
0.39419752183372947	0.11066251292919019	0.17561957778935797	0.06722114070922507	0.007036652290447712	0.01823290281532286	0.04385643226637674	0.1831732593663497
0.21654896239910834	0.09526248731540243	0.39837717469509426	0.056977440634394125	0.01069338627998441	0.0700353611313473	0.021799695236280545	0.1303054923083883
0.02034067968408322	0.41645947056871646	0.056699473789104116	0.07972915901069946	0.25494413528925436	0.052383799082198354	0.05464968898633514	0.06479359358960876
0.2264815415358368	0.1664529998199772	0.05944190930663697	0.14098932085454163	0.035786293379482956	0.09216529445222202	0.009904872723262487	0.26877776792803965
0.5120550156914621	0.010218452873633127	0.1800233399453996	0.04847122165837567	0.03535949149203538	0.029211183146914232	0.07990722449975074	0.10475407069242887
0.20306124992254218	0.1949322243811121	0.032770189453984175	0.011914545383604994	0.1696870805178457	0.09083731669057285	0.14126061923844035	0.15553677441189742
0.052709699424693376	0.038934819769708195	0.034329931796379096	0.11869698727613545	0.0701639693924722	0.06796342126826013	0.5730002806798493	0.04420089039250205
0.06961325663214632	0.16297329461372376	0.30241678478551753	0.1456836477927013	0.027886348481085885	0.20072976450605912	0.07570102766136946	0.014995875527396424
0.15107164163611397	0.03343242273913549	0.11883183781464642	0.1799779892062787	0.29177901138495826	0.08260412411516652	0.05612059949942977	0.08618237360427064
0.21649737461034613	0.20693162270710327	0.10596366873649499	0.012596350779418564	0.37564316884328874	0.013636826613727476	0.036932870441479	0.031798117268141565
0.1078403092645886	0.23941370217302294	0.21725869560038197	0.09475612830581277	0.1154690628514282	0.09377682296620861	0.026065160567141324	0.10542011827141543
0.009012559028564432	0.015502956970910878	0.12889337333536768	0.22854416060046026	0.12247497843775977	0.18812156900768234	0.25042842027088197	0.05702198234837247
0.24480913405991783	0.21029024606316743	0.024549512494158543	0.010527368790382366	0.1562459792351874	0.17190938112688975	0.019677965274875517	0.16199041295542083
0.23371666133630975	0.014561205824397155	0.2619610185494665	0.006004391049865776	0.005594532045829437	0.14058059374216256	0.3198723372705523	0.017709260181416275
0.26602000296498873	0.21608122077432618	0.017959648942410103	0.05138709074231722	0.06747936641899371	0.16982044271929309	0.1461429811501377	0.06510924628753295
0.05173943939209244	0.08874726700997551	0.10913014638433421	0.21663950120236908	0.05160664694925865	0.22480464576985823	0.05018857796885623	0.20714377532325548
0.10587832327939886	0.3507126540311415	0.2516294810802916	0.12401563797703226	0.019811590810977345	0.09187763916813814	0.011950353418554799	0.04412432023446526
0.08052524637427903	0.1697323391643773	0.16993093366743134	0.12030642778165429	0.13008381591314438	0.12771129339916357	0.15139059258155058	0.050319351118399316
2.321345581694778E-5	0.18153571803924762	0.19609174128490636	0.10911998149830382	0.10972683323334398	0.05617344490983352	0.036731539153244036	0.3105975284253035
0.3119762590805636	0.001907544433824196	0.20551104868303366	0.004642064887033323	0.023315285466422128	0.022081023248110218	0.3992412620554173	0.03132551214559526
0.031145426368142604	0.1068953055587499	0.1970791921979868	0.02690735480084741	0.08310596869129663	0.48442072129656333	0.06932763667783337	0.0011183944085797065
0.1321869667751054	0.0767962811446033	0.0371760058946653	0.008208784159461718	0.2524466761631183	0.02528982711181696	0.2754342794069269	0.192461179344302
0.0687555335498383	0.011992117104777836	0.2329436545605026	0.39991597001757506	0.040040856110768644	0.056910596524638285	0.011465950087486812	0.17797532204441227
0.025284151496679494	0.1111130921088953	0.11565028036252444	0.03522658408649143	0.21872304973867565	0.24909380657228708	0.03693582660822385	0.20797320902622257
0.0022471297345030283	0.04170526321866176	0.2621427004985531	0.013367778562400415	0.18855358260099683	0.2733731296894148	0.1069386302105703	0.11167178548489959
0.22429058230556573	0.3045223738396723	0.07838185843341933	0.04727173465788524	0.08194729090059899	0.1525417639362316	0.034473366036278486	0.07657102989034811
0.10659253103992575	0.0537489003661647	0.35881325822392507	0.008986960318472292	0.049546329256291016	0.057490829498638846	0.0036541006636002515	0.3611670906329819
0.11117414888482512	0.18441998873540522	0.2034048991260078	0.047001804566870115	0.0363522778228251	0.11519214050414332	0.23835772301683544	0.06409701734308766
0.08591486389495889	0.19893907185052678	0.11399868418283088	0.005463857629141672	0.0317801421062919	0.3417264360995469	0.2044022877491727	0.017774656487530113
0.28456517493831707	0.02739690232595146	0.005069282419996116	0.19226983914601786	0.4243528314687126	5.61209195202847E-4	0.03715201896943042	0.028632741536371437
0.09466749799997135	0.22650507812323495	0.2836637059240374	0.0021547292653538858	0.07833296218859033	0.1760240540944707	0.06410417201757905	0.07454780038676204
0.19653380532048234	0.022285458202515138	0.03362558551263331	0.00932556064428311	0.11836719429845398	0.09496569649845686	0.016903851655227314	0.5079928478679477
0.019548864267939878	0.30156413071076993	0.31539343638122885	0.07008312842431795	0.04279998914902186	0.056101845603651376	0.1336337576863184	0.06087484777675162
0.07754811465314285	0.0837920381280407	0.036325428538615076	0.14722681683172423	0.3856522537366762	0.06744058437173538	0.07174782632167515	0.13026693741839024
0.10518852859631773	0.1217775345042862	0.16697614547305792	0.02492280635233625	0.07423816500791405	0.24191837134131053	0.08879423113376739	0.1761842175910097
0.06098140145730496	0.04342978683832842	0.09442249296335309	0.19108315801275944	0.03096742997666331	0.21240528035159073	0.33628231514863594	0.03042813525136387
0.17752778695721083	0.017178300221243545	0.06782943218990184	0.3538186688401008	0.1813406772792386	0.10197183544707962	0.03115248387025621	0.06918081519496831
0.06362695660509796	0.1953997052505791	0.038153145192026686	0.24391950103611854	0.198401353529978	0.03938436391608288	0.17839499436548556	0.04271998010463107
0.11986844545664568	0.012690020071320446	0.06365782082095378	0.06422211117691506	0.18005631425839075	0.052691644716527306	0.2521967754112845	0.2546168680879623
0.00794742368793594	0.04038978564326497	0.009141112202169621	0.17007669843831388	0.15477974824581145	0.32671353130062597	0.028861423176706383	0.2620902773051716
0.2254912595568507	0.1692758355169456	0.40409143036222106	0.02209033408394187	0.01499684749637964	0.08086991879529669	0.04300178795737862	0.04018258623098553
0.075486738662176	0.19702516434182749	0.01406135934689702	0.03401321574961065	0.09217994000373891	0.16926038363996004	0.028162615211235545	0.38981058304455407
0.22226995868622493	0.034437624003740036	0.3181307774506593	0.13267985491593973	0.18282810316405546	0.022838593363511128	0.07822542761228354	0.008589660803585586
0.19666626233632895	0.002942860636940936	0.06358165665874516	0.16107965024695892	0.11964895974389404	0.05231312775090781	0.3660451638079233	0.03772231881830068
0.09192644150678128	0.05825135451698084	0.15839240251127315	0.10132322040847586	0.08575097000753032	0.06651037400102303	0.21261342554619328	0.22523181150174204
0.0722417523979678	0.038309921570189545	0.040610076906447565	0.43599663724369264	0.13686862163863345	0.16654120148780177	0.05318725045484579	0.05624453830042128
0.3002638393400804	0.03692836979326082	0.3343876622208014	0.018091538934408097	0.00248429279797846	0.08464172660069248	0.1496547270013826	0.0735478433113955
0.0910611796474299	0.04945954115598314	0.15077259098793383	0.43599678946533904	0.010327297049923995	0.06817094404112703	0.14948956413000603	0.04472209352225688
0.025488227169558106	0.03377085359152661	0.1514060524393287	0.09949823475931371	0.03400465572966754	0.03265372841120927	0.24056456573775742	0.3826136821616385
0.18352858063239347	0.1817537800236392	0.23011033411255838	0.006591154896234769	0.14383153342696284	0.15018867429132476	0.014376821660574968	0.08961912095631142
0.07805299174855479	0.19409202667878822	0.04543872945782429	0.02328058491451708	0.18343755067739323	0.04562480295652549	0.3047740698930133	0.12529924367338333
0.1582728524141777	0.0355467504726734	0.07280099832458417	0.34373877543171316	0.08735946548928072	0.11932449510694439	0.09846111733549903	0.08449554542512717
0.013545275593714073	0.07992680686241824	0.17227865486876615	0.30038189709292407	0.15513042974133043	0.07788849181327995	0.01929338512646639	0.18155505890110055
0.14668284472580376	0.05415171231684972	7.275358557803924E-5	0.23515934755516363	0.0076270431219855606	0.040621132717263225	0.38137476610844745	0.1343103998689084
0.21721411448460987	0.129083171944688	0.03033299951370473	0.03671050263998438	0.14033855499816592	0.07119343516337498	0.23269788493165489	0.14242933632381705
0.002368682589246024	0.07141481142065453	0.0067069719658063714	0.31386513317696163	0.3105986681288879	0.08044644380465577	0.12022638757157844	0.0943729013422091
0.3038227081415871	0.056401865359086686	0.054757645868415694	0.12765308704605463	0.037900686376421175	0.07685182131032564	0.1150281711600884	0.22758401473802042
0.1780956973361895	0.012179559725326666	0.031796247026411484	0.3342043588396646	0.07685669492848363	0.15332002473572237	0.16087749838399085	0.052669919024210726
0.03941397287212475	0.003895159143144686	0.0016821013068671065	0.011236741098898537	0.07789205202403868	0.4134362906659823	0.14401888057889403	0.30842480231004954
0.16653156664327767	0.03691880334831987	0.02925163385858437	0.02503574313362336	0.23868707364722402	0.08886604811180143	0.19448397010466295	0.220225161152506
0.05881915852575137	0.3494963061980381	0.006992707642827431	0.19950922630911083	0.09535616070085001	0.06655715612018437	0.10861789041634017	0.11465139408689755
0.19091478790117955	0.08545818018232211	0.013214089528610168	0.1220117669532342	0.02236352936626007	0.11500941033028876	0.40954780953051084	0.041480426207594095
0.0696258078736345	0.17491744591308753	0.0019607102761079187	0.05109878822030944	0.15054701895240352	0.08748996633161818	0.41616719099602006	0.048193071436818655
0.025175706875019632	0.00814690784851159	0.025692889877628272	0.1432527747642545	0.2676705281906956	0.32568667699804776	0.04061880227412952	0.16375571317171284
0.013505111744020026	0.04731873214364021	0.104632685457475	0.32447674605663945	0.11148050696204193	0.10271141702048985	0.10116042418654016	0.19471437642915318
0.19559047084365366	0.14360302424047758	0.09793185011605704	0.0988015315035639	0.39651638870337813	0.03736393940820691	0.003855999315873798	0.026336795868788787
0.04448673719426782	0.016960299207135612	0.17165214329199366	0.10176721566037675	0.39036903693676406	0.022086788889023892	0.0485096091931128	0.20416816962732526
0.017828596119149415	0.5146423411047301	0.12353418951912123	0.14960152995394735	0.08132474022169686	0.056947383888960965	0.02063721344934956	0.03548400574304436
0.021798588304082656	0.06191803856146094	0.22389499081156156	0.2668224689820675	0.03715750266521933	0.02753542355660596	0.07883647286175818	0.2820365142572437
0.004798756021424835	0.11183604079946266	0.07971736367568305	0.02768590064367281	0.3152856180849566	0.11068858612387714	0.042198066810709756	0.3077896678402129
0.03824677345522863	0.15345789732890297	0.05777020076968825	0.052331607086538584	0.1316330772185229	0.04864297652618113	0.045701073665361705	0.4722163939495756
0.1176007815501926	0.15986546740187987	0.224326773255552	0.15245312267495867	3.629022829623463E-4	0.005221583995291643	0.14172124253990548	0.1984481262992572
0.13217314043401732	0.008818053077211438	0.21635295865844534	0.34228669907187403	0.09951715978646655	0.004278004306046371	0.15866165441044144	0.0379123302554973
0.18596479247744666	0.07127454388040486	0.22857141395841474	0.07311468287217122	0.18820699647868855	0.07482112399372079	0.11367598756130781	0.06437045877784521
0.20128643570583285	0.08014339828710598	0.33262852211771254	0.04503067683029559	0.15656399060983994	0.020340086309381777	0.1387065188190384	0.02530037132079274
0.03350880687087175	0.008198925691440734	0.0017822070807130552	0.649541052982333	0.012975051934575446	0.0561660022451716	0.12294919469567515	0.11487875849921908
0.15274827404437397	0.03795980474099436	0.09832008920212834	0.010796582486891942	0.054818611987813945	0.027344247084767334	0.4834169735634013	0.13459541688962856
0.07228834535137296	0.2939313464492329	0.02463918694611085	0.1897014184077351	0.07491864690436693	0.2515049718506226	0.04787322224748003	0.04514286184307845
0.05033280621218214	0.2675086113170435	0.03430690495569383	0.20893594058148762	0.3569063109498547	0.04450140956386131	0.0242788210002053	0.013229195419671325
0.1936970544400619	0.3137693618048354	0.004556198220830657	0.010894772113340626	0.24828488097586035	0.07122755463284738	0.05319861075516018	0.10437156705706328
0.10962415282274422	0.0010946794343964505	0.09205131720890547	0.11285894363320093	0.0836594198716328	0.09097118793413844	0.4669420061339482	0.04279829296103331
0.057047147444976104	0.09062339656501332	0.16923092112643953	0.236479224152445	0.14502035505588118	0.09496616521936613	0.1563955371059678	0.05023725332991076
0.0064375332799715135	0.12207099220022011	0.0058287267995212055	0.014624920563464872	0.010425389039741051	0.22947876303730366	0.25067094426483827	0.3604627308149392
0.0792326365195862	0.05776899236375242	0.22040792749131854	0.10911955493635532	0.12879025172257555	0.11037929393293477	0.2918190225888902	0.002482320444586808
0.21795569278299542	0.0013185446943842216	0.12426713184064501	0.1463223335061065	0.0825085511113531	0.03358089092088873	0.19084473139520863	0.20320212374841815
0.09116889489785854	0.2250399558906451	0.046720238422646526	0.09442834076184606	0.14752705553217316	0.12367266347925254	0.015171000677923846	0.25627185033765404
0.007165269457170789	0.16708091080143644	0.21272553906032793	0.16721083441019904	0.1571023355384861	0.11419325961738373	0.07403730934231212	0.10048454177268365
0.09298653660467149	0.3651488953468802	0.08598582398123342	0.00396096392255893	0.014773391412516282	0.15501354553055605	0.03386129366434877	0.24826954953723457
0.08504538436985346	0.1960063874427799	0.08264488984693816	0.04773240136262935	0.1899551062121252	0.02511617261110438	0.2819083587589042	0.09159129939566517
0.4107270878341289	0.0221874744326042	0.15263793301084846	0.043070012406087335	0.10647125257695414	0.004598189982892367	0.21753100250679624	0.04277704724968803
0.020751860713069364	0.25943512128263624	0.09518306895123094	0.05583455230258515	0.10315881079895846	0.21994181345786518	0.19229031788424286	0.05340445460941168
0.003825891880130633	0.07780087937202144	0.08766016513036248	0.02731963778968738	0.3166249992861172	0.030102204214699835	0.2907577091041105	0.1659085132228703
0.10421930425806253	0.1272676631390928	0.2772493207032563	0.029958727800845464	0.26454747066483375	0.029735562605920612	0.0027683543652395476	0.16425359646274884
0.04286561828369513	0.07990069390696458	0.056267886163636635	0.08029178266762134	0.0012538456120167463	0.2027872597360242	0.1308036299432027	0.40582928368683846
0.18097317119326814	0.009032739839129542	0.08449142562930007	0.279005581532797	0.24325615089462926	0.016240889220645593	0.16985467750737682	0.01714536418285341
0.3203241117981388	0.1254606282751936	0.23710519334973504	0.07114184015103867	0.15157768135002375	0.04147114252274858	0.02331758604236439	0.0296018165107568
0.08424541013398266	0.028706010092076933	0.00823972398402395	0.09977274602678643	0.07123902836711538	0.4642072012838586	0.10262623627602167	0.14096364383613405
0.09585776734226487	0.1846331571885868	0.08236177434709682	0.32704055359712336	0.08275116683137121	0.155947438485605	0.050890399361307806	0.02051774284664397
0.006884130108889247	0.11565202337782524	0.08457767646972351	0.04556623873973037	0.41134708023352395	0.07779055014284095	0.04090785725969241	0.21727444366777418
0.11817157449823752	0.05693331541625227	0.044800078669104765	0.0622897958618836	0.09942812086635021	0.24979841696457863	0.2972988100005701	0.07127988772302264
0.01943162720271266	0.05599360754010889	0.03379151931756519	0.19741387633694574	0.2602641843446363	0.023238461346481193	0.1309583573867888	0.27890836652476114
0.17234684060763172	0.03145158571183046	0.06847811966251408	0.3311030440593211	3.6410920926518986E-4	0.1254938987477145	0.11049167060456441	0.16027073139715825
0.01664895227016297	0.24718480841429927	0.13576491302825827	0.05218128633548702	0.11302716436033433	0.09099688186455972	0.20602611897227488	0.13816987475462336
0.22146481357709782	0.014592359052365458	0.11217104474284621	0.11496055771655504	0.0687531501905366	0.07175576670215317	0.27877136706064587	0.11753094095779959
0.17616164765570475	0.1038706220266569	0.20819678349798101	0.007509573269700753	0.15473590467165302	0.05987374463602688	0.03705273935140553	0.25259898489087096
0.06219602302287289	0.06630804610218263	0.019278380372154846	0.28262597119692023	0.18017699951086685	0.13984418354864	0.15468463556893058	0.09488576067743179
0.16988853391103675	0.006784327252648992	0.13677708098827215	0.09929765977377136	0.07541567544389544	0.19588842161024667	0.17857713835945704	0.13737116266067134
0.011723345212033456	0.009496292100446446	0.3843205953561296	0.1347917398395695	0.2652468008568817	0.023483461487532623	0.10155227626222982	0.06938548888517668
0.21620272519262196	0.17711263070152314	0.08538749378901536	0.26195135779601086	0.1493647887945254	0.012635573343793838	0.034720705927584514	0.06262472445492465
0.006406060341007214	0.036602689664980606	0.05182667427244886	0.04739428315676439	0.39765004792527214	0.33893862692718774	0.01830053230316636	0.10288108540917253
0.20004081206443652	0.012943813572381863	0.10757330577227169	0.014049319126935411	0.21009518412603317	0.18719602839202612	0.1413735529745248	0.1267279839713902
0.30694632978413955	0.19786875972810208	0.005049665679432616	0.04622388043633541	0.017846763958632342	0.3371838190732697	0.022555094385757438	0.06632568695433058
0.09080498156990792	0.1860008899150746	0.023942228592389453	0.14600092612609678	0.002430291490265496	0.028838343837475633	0.069281900759446	0.452700437709344
0.15663880605223388	0.051499436934479004	0.0767283989192601	0.17240022355506257	0.2099901170171742	0.1751485809075612	0.10295418195978916	0.054640254654439696
0.33238260925908614	7.956408023715028E-4	0.09792711050815006	0.04328334763086637	0.086920426894803	0.03434588033473589	0.1957946633908762	0.2085503211791106
0.026602906792831463	0.17506376841456917	0.0435453668168623	0.05379988749006086	0.40486003057116204	0.1024769301660334	0.04006994884567265	0.153581160902808
0.14092755100013704	0.08540232180693119	0.19595652099896027	0.004473669985667367	0.05156396603111561	0.14326243044488382	0.07641004259165335	0.3020034971406511
0.35804385130899247	0.019537875283135178	0.17377991026740836	0.032150664716423874	0.19271038717865946	0.01976076872844032	0.05490884263170835	0.1491076998852317
0.27517436776403803	0.14255617922167527	0.01229834471001516	0.03694942476693955	0.10264471775705153	0.29576342440730197	1.311323906564993E-4	0.1344824089823217
0.11811554118629056	0.21312017974964015	0.12008986909466741	0.006715237882560746	0.11435778954693618	0.007448049968246759	0.13237113268053227	0.2877821998911257
0.2591549016198438	0.11380679281705308	0.018388183256702356	0.19225891989645494	0.10442793320142515	0.035810178547033805	0.21896240798892877	0.05719068267255785
0.10531137887661465	0.15815658134304383	0.18391569751690756	0.16522209090381756	0.006384250472550396	0.045041014039740424	0.3098030833014537	0.02616590354587163
0.30983239340745145	0.019162611138098834	0.06796185567899413	0.23670942541443238	0.016623800557337087	0.03813523920991209	0.030082440111526443	0.28149223448224736
0.14931720372000218	0.038296122065989716	0.046966128453958686	0.2578654529990907	0.14371804082184905	0.23815999471605342	0.06952276169871999	0.05615429552433604
0.1539055518665194	0.020893173819184888	0.06013405830203679	0.07160994674176192	0.031480628865706045	0.3288741852844146	0.0850255999785199	0.24807685514185623
0.20375364293209028	0.14709145622270553	0.06985196195206614	0.08356643535954034	0.011365133463310237	0.1502577988743206	0.22302685088346647	0.11108672031250016
0.06671799581747939	0.004544757627159529	0.015739026708709802	0.1264290524885126	0.31405560525541854	0.019297080235779807	0.012026367246586456	0.4411901146203536
0.19634571001409634	0.0875812900016935	0.014590744654785048	0.03755302900053861	0.028387058812576513	0.21504917746345736	0.243973141691163	0.17651984836168944
0.09087703438441934	0.15810129992905386	0.2668628039467717	0.05116195999755219	0.10883106076590854	0.013079964079247011	0.2522732741032574	0.0588126027937898
0.15972855119917648	0.01018093311751174	0.060387125997308416	0.16811326600234316	0.06513355705298973	0.19220195336811174	0.10494004980662217	0.2393145634559363
0.15385910414980639	0.13533249795680932	0.35240049712754357	0.03662426179215564	0.06505781737638591	0.014994414980791307	0.03204341755377717	0.2096879890627305
0.06215364429870626	4.1758670483696414E-4	0.10825745784870006	0.1750656598354033	0.16439967105647707	0.187048019347182	0.14558235171464096	0.15707560919405322
0.0812114699127474	0.14077273984626415	0.03882090297745831	0.008235150486467294	0.21593405124793696	0.16725592615737814	0.0018197641006845594	0.34594999527106307
0.38216284515827004	0.0013412619999336461	0.24468623975422463	0.15523292181064527	0.022319334773515886	0.040324040305465256	0.09452958712216508	0.05940376907577996
0.01650279219575909	0.13503422186294156	0.015529044502352846	0.02370330376091742	0.3070924377709355	0.42264556809691345	0.0026025080710482817	0.07689012373913165
0.21086485110054376	0.27726945829771477	0.11400796374635211	0.10013399232275232	0.12129060103296577	0.021497679395445946	0.0710591760261354	0.08387627807808969
0.1693302032504263	0.0013966613709793935	0.08572368553870516	0.12853190362470607	4.0766828303662184E-4	0.03919338433897687	0.3098890781335132	0.26552741545965625
0.14204124776434227	0.0630431061702865	0.33826904078200776	0.1634430985012227	0.07200053078673305	0.16144254367329414	0.05793516858097145	0.0018252637411419054
0.08390602548650754	0.07351477125705634	0.039037576458281806	0.07478620174365071	0.467666559356972	0.12025173084665258	0.06023235466606601	0.08060478018481271
0.01672147401157212	0.17987942412946356	0.1048448317385603	0.018063580173052915	0.023022861770463365	0.34108504322273264	0.13497600334371213	0.18140678161044277
0.05738418527995695	0.4199990037922062	0.01722104338044564	0.05347645259441114	0.1431714966820327	0.14558604535846345	0.12145679441330365	0.04170497849918009
0.25409537018481887	0.040565986491163816	7.688805081200734E-4	0.10627432030096198	0.12117622785279755	0.2673255167001969	0.16928311703403287	0.04051058092790766
0.1676199391621877	0.1770501028372265	0.1943050456689063	0.03603574189332494	0.013004898047823926	0.24149166565215893	0.13187126111119934	0.03862134562717205
0.020723426329546407	0.08820060209460376	0.07961238289234934	0.017477725252247223	0.28260376054695546	0.03600860524582637	0.08823190529256145	0.38714159234590984
0.128619471503876	0.06555013885634188	0.050313363700741784	0.01947233123187954	0.44815942328779046	0.22288026050524462	0.02042017858707247	0.04458483232705304
0.00973243633806646	0.023171058961657998	0.5656919454990601	0.09014977423673406	0.035573204507147516	0.08068304739431365	0.01943769094240412	0.17556084212061593
0.18022089478319273	0.004741288366741717	0.09414608552451367	0.17583808558970737	0.02353303474103867	0.02715046222735991	0.3383612313494352	0.15600891741801054
0.16863776685747775	0.04753014674542147	0.2390092905678573	0.39361930546165314	0.03119572673018206	0.07057522804307657	0.0069185987518097375	0.042513936842521693
0.06186506200405453	0.1955092794994987	0.2683695829068261	0.05636260583365235	0.1010745000753227	0.1808836032262791	0.05571803361921844	0.08021733283514786
0.001789593429434258	0.3978529560090762	0.015065248725461874	0.04940054609001705	0.12354645594307656	0.3293284554130431	0.07833031457938044	0.004686429810510345
0.024044116245965266	0.18951821049337364	0.06459214856287421	0.25364177004628174	0.14465630999898993	0.29833775289798625	0.007347472372036201	0.01786221938249262
0.07753145695934596	0.09701893615836851	0.06500224169289129	0.006953164934597841	0.17283214308405204	0.24360985442002261	0.0018447037433972358	0.33520749900732427
0.0650332660199293	0.13130734779114447	0.09612382732845001	0.05695885292906139	0.3068083693002487	0.08916640003956273	0.1680452573398581	0.08655667925174512
0.024218370817020718	0.10961306792364225	0.37915994244076023	0.0509466918618737	0.02464595312673247	0.37929951887423297	0.014600437721248902	0.017516017234488618
0.2526463555270295	0.13302869958544572	0.03506407721622251	0.10466881853421975	0.12211937160055131	0.13449564469261194	0.07783317322918504	0.14014385961473397
0.0034349809460259423	0.03185582990894496	0.13500387529596158	0.1551765607115274	0.0039005255354880725	0.18589789657517755	0.09044357284971302	0.3942867581771613
0.006356336935952639	0.18805104083623408	0.23584544465104743	0.2364712393045069	0.11389744448005287	0.011103065272060633	0.15152479209769376	0.05675063642245154
0.2167974796972537	0.022721590811147482	0.17149363438056742	0.07753559986402249	0.2058981583143214	0.15628657471249338	0.00469195256154141	0.14457500965865244
0.13848791656913945	0.048533888273869286	0.004302418220813717	0.07064958032197335	0.014527531794662749	0.2847507566970039	0.06806316799596958	0.3706847401265677
0.03735630159219519	0.09933037362990972	0.07711856598540462	0.03157342240758522	0.11212306850418959	0.21877100229212298	0.38523288344330975	0.038494382145282655
0.12138938358912608	0.2061201880557577	0.07336309596167706	0.06406206251774425	0.10894990414034081	0.08906354088384492	0.027767807836444128	0.3092840170150648
0.10146928249137888	0.1507900115776507	0.002730329601882256	0.03960502117465045	0.1338855513221366	0.26690711742786866	0.3025736797252039	0.00203900667922835
0.04410258189320902	0.07008062218880061	0.0052552332266265905	0.11955321250653798	0.36086819010256016	0.18650260736661287	0.19416030780623933	0.019477244909413258
0.12055619167100966	0.20147612534397602	0.27102260096288266	0.06320488678518385	0.08256440275181523	0.07691793670516617	0.08687518566581312	0.0973826701141531
0.2974512707546503	0.2824588313966365	0.06411459495433965	0.04371490707815816	0.06424340822706401	0.04406503672923831	0.10855309197657802	0.09539885888333482
0.026624031696586545	0.3350837624186531	0.039137970647764	2.11344497498267E-4	0.22953076507298925	0.15870674725172554	0.14422867530055317	0.0664767031142299
0.253488181576792	0.025159741687064335	0.14572392781410112	0.15242162274523538	0.0425189794764647	0.10755320161243687	0.22840847809515574	0.044725866992749594
0.35599372352040426	0.024648278172157756	0.026170261388938604	0.03229622170257651	0.09423652947508511	0.04149411689418904	0.151530773329423	0.2736300955172255
0.07476499849035703	0.09199395749198733	0.2794362882114083	0.025346885759169754	0.04976389651114961	0.18266545201673806	0.17769449490313746	0.11833402661605222
0.10972855491829137	0.1684882359224979	0.04183604133824641	0.04894206905323578	0.12055366802749522	0.44594367942339785	0.03481562793401928	0.02969212338281592
0.23372035270964453	0.058148662795475356	0.08151415146049801	0.1402118244826885	0.30739347666348427	0.04097710345652478	0.1153674031828086	0.02266702524887569
0.25394003108272545	0.038403858011061706	0.03777804557720657	0.20576986911797024	0.09628593570025448	0.0034541165088303044	0.3473031279136205	0.017065016088330595
0.16819083257309445	0.04469433912491409	0.007187344335770771	0.07731484099148665	0.4710770787929255	0.01573391775318511	0.08123317149261694	0.13456847493600627
0.3078342370821111	0.09159106235264401	0.03093108755697789	0.11891238874971563	0.24157589599830265	0.08619077025135669	0.011675314021860186	0.11128924398703156
0.43554008705844827	0.02587221133997422	0.07469215899154252	0.005664449517197842	0.04547328090673608	0.29555717315147734	0.10363973783947174	0.013560901195151603
0.12651198489966126	0.2292673257977113	0.024885728074393973	0.24544884286354948	0.1346642531750027	0.03012394139407573	0.20152722067046364	0.007570703125141742
0.024060055608127268	0.051278648940005264	0.23237208689417532	0.5146857837122885	0.06918164664987927	0.013869099607554905	0.04251263672347723	0.05204004186449204
0.5033315022854619	0.14491276485284119	0.014052312942461148	0.04717362902850515	0.11450375157923195	0.06376450614337384	0.05917899333985796	0.05308253982826647
0.26451073126823543	0.055003369991728196	0.2790131727835262	0.025534352179289843	0.06791252805481776	0.06034171942427195	0.19876072844282694	0.04892339785530338
0.031641918257909046	0.18949623922127085	0.007336529894087923	0.25435916022871086	0.1090061202060651	0.03123352107554181	0.3351212232609674	0.04180528785544688
0.01834873585694552	0.1028464141548196	0.044544010072859797	0.18735871583514013	0.14394936428615074	0.11268424937793003	0.019821664520607837	0.37044684589554616
0.19354706525654403	0.0670468136946785	0.0070486173311181816	0.0138842705804635	0.17967638040172929	0.20434755804881033	0.14719099785716688	0.18725829682948908
0.1423278479966897	0.10092247311473124	0.11819146834792821	0.34739827775881704	0.114335032958579	0.06783418909155198	0.07110803181051839	0.0378826789211842
0.1251614828586735	0.132154641050555	0.3728943531147503	0.010737049091268103	0.060730866279663565	0.030147351137370354	0.06684179109250393	0.20133246537521504
0.026312206407832467	0.151687798340625	0.41211836894548826	0.017379528408828157	0.048328220212621634	0.012722225138154727	0.1926294144510556	0.13882223809539387
0.04265895512727283	0.08851848913278151	0.03136345004994143	0.2049978650740468	0.09723729632395219	0.08055874066039535	0.03375746518684786	0.4209077384447618
0.08332051974969129	0.2000418053549638	9.226614273108724E-4	0.01836138881514497	0.31147878621309777	0.14039627946151476	0.07058536067802378	0.17489319830025252
0.002021455149140816	0.10484552750170804	0.05284896427909415	0.13308883040902017	0.019810731049907826	0.05991239466101915	0.3522684625811632	0.27520363436894646
0.08583583867836117	0.016685525092346318	0.045116275701694394	0.018028856185705364	0.12065447548415079	0.24143749814586757	0.09671072802569418	0.37553080268618
0.0032584447724342547	0.1504256823176313	0.015836409135670332	0.03885756526769715	0.3653451198652671	0.019228200653579858	0.13155734672155803	0.2754912312661618
0.028531190120585165	0.10912225804487409	0.07890762027001899	0.009499773836443265	0.5792613052653116	0.07080719265777648	0.05362712070278057	0.07024353910220965
0.11540733674439058	0.17188612832992528	0.2642966147680282	0.03019408229271575	0.14392825345511256	0.2005503759357311	0.03681093711082775	0.03692627136326859
0.17957140844517122	0.0850110205058084	0.027696877896540767	0.3086465412368229	0.18870211831491784	0.0347740090474353	0.009611136334766304	0.16598688821853713
0.20725999502412745	0.031938933726504457	0.18652921552941737	0.03267573546326712	0.09727146423562465	0.25705793922146347	0.05661766604890406	0.1306490507506911
0.27999942341157247	0.21356041747707458	0.025397885433368142	0.3371734558336828	0.05056660538363057	0.02285954104951171	0.051101479685965595	0.019341191725193857
0.28943446431703357	0.36253082108567347	0.06862478098730142	0.13053447395600212	0.01362629084367771	0.09522193870424536	0.008611416646489858	0.03141581345957625
0.06066758693636877	0.07355596757484646	0.20453917786419523	0.15169064572883548	0.3417266253059744	0.011278462356584279	0.12773798834012634	0.02880354589306877
0.24744877093407233	0.04255605978827404	0.019779844833987648	0.19118285109250277	0.26618372138610547	0.12081411127742814	0.046906888611468966	0.0651277520761604
0.03609780365064201	0.40642899182574166	0.04901033225133475	0.03756317751457536	0.0636713435222264	0.08280086720524238	0.25454416014998277	0.06988332388025449
0.15402894172027015	0.04060767470481515	0.1440387212448683	0.13742695837876961	0.08310662844733285	0.3356410452637591	0.05814397774062789	0.04700605249955671
0.060573358504138794	0.30815798021412344	0.02427956373133522	0.23373193527998173	0.15388078979357062	0.09313956727775846	0.06195826799621687	0.06427853720287464
0.07859311761993676	0.363928980722486	0.09094042167819022	0.06510646900445467	0.06026043041536265	0.08271132420973668	0.1943199281841045	0.06413932816572833
0.09517990148275933	0.04570686096483456	0.06611348361055208	0.10954445528417008	0.1849493781242342	0.26890732410798307	0.10408700523814722	0.12551159118731925
4.267003369034239E-4	0.06547670372661968	0.16242155046804296	0.06599118128622493	0.2377141801609176	0.3317325400000133	0.025198829590299565	0.11103831443097835
0.11736242299753137	0.3096021754989129	0.16722690511647492	0.008148056790840269	0.15798589721406442	0.16424360474961647	0.008737433335081368	0.06669350429747811
0.16418347356778784	0.19211898459564553	0.2187097708932429	0.005343794277171757	0.0038808182580917644	0.014802040728664742	0.2666074149481057	0.13435370273128952
0.27878662880794974	0.04662965360952978	0.14971541753243955	0.15633604897694392	0.05847025332242034	0.05011763656298787	0.21574582938316633	0.044198531804562236
0.0012607111200308302	0.10430615747096997	0.009412268412231292	0.12537583459944512	0.20082743507101297	0.0024008612519760414	0.20146971297186544	0.3549470191024682
0.29327309922742467	0.017263014991809544	0.15129931303081484	0.06051834214937654	0.13787631401580128	0.014448630639821769	0.2822967079908596	0.04302457795409151
0.18187166640730712	0.2624234986405788	0.11180176280908308	0.06165505218985445	0.05336762548435224	0.03452596608947482	0.07629021328773536	0.2180642150916139
0.2955856917768811	0.09705952259595309	0.05087802983245465	0.22736902853864172	0.06465660989861234	0.030105082369616565	0.09865721025733165	0.13568882473050856
0.09340401400728653	0.11181737554007079	0.3554229322344383	0.11302982102130132	0.07450710957425406	0.06860519023513496	0.03562315460491507	0.14759040278259872
0.027075906347828513	0.023050523901579537	0.051895309243924145	0.2497026422130631	0.42773677645281116	0.10643419871225379	0.03431712880836653	0.07978751432017309
0.12013605968788464	0.4074406073246051	0.033733502714246855	0.014649062896460036	0.18278738036224731	0.05189961965557667	0.08107305152770657	0.10828071583127266
0.2758683412431855	0.17740773796534506	0.2564258699703735	5.981324386762632E-5	0.02672700216178768	0.17625972731442024	0.05240808589529851	0.03484342220572159
0.04081379698566853	0.19489055912781394	0.22205679220465158	0.0716653218773422	0.060871044633311014	0.2219457482704016	0.048522320143487854	0.13923441675732307
0.4469754968195886	0.10728679864077209	0.0570581483616566	0.014090023930635742	0.0904446286365674	0.16284160581400095	0.0753584999509945	0.04594479784578388
0.17142606795967172	0.0817497497574104	0.26844359226457126	0.059679118499489286	0.13095155886955534	0.06749017362579589	0.16468450502276955	0.0555752340007363
0.022688474338175516	0.4994971727961419	0.017712517340901485	0.11769539146046552	0.15115610297775764	0.041346554381522044	0.09742256551210773	0.05248122119292793
0.10288472146038175	0.07107156830298811	0.033946528920564906	0.0420807739489943	0.12924695747981174	0.08776437114095607	0.2355515363730718	0.2974535423732311
0.04424246882598601	0.07214691803078607	0.20409997622510764	0.031671417970616594	0.3219487558580407	0.12920904344434525	0.08981831006896132	0.10686310957615619
0.037182528533590206	0.14594096870082598	0.02328749126650939	0.18557195032163623	0.01057004546617657	0.03352654641863603	0.10131372936656616	0.4626067399260593
0.15925398465547846	0.14475356678688223	0.009917916418350395	0.007961594683680726	0.1322495338840443	0.28532092586804947	0.21007893448676007	0.05046354321675413
0.04896474282639621	0.02986961314658776	0.13837755884683567	0.2883797696599204	0.13838865270327003	0.028782679414271622	0.028455769277831194	0.29878121412488695
0.09845197172450493	0.1555551089774739	0.36212539041082153	0.08426014754382488	0.00760817734864179	0.06755979726034127	0.12506353838703915	0.09937586834735233
0.07919064156968407	0.23308805049317202	0.015674889844598958	0.12106022027959264	0.015826117752298946	0.2116470538342019	0.14555297920339552	0.1779600470230557
