0.20120697057899564	0.20040817503148733	0.20025865767105833	0.20050070026539343	0.19762549645306504
0.20146573994423606	0.19917720405561212	0.20108763129179452	0.2006751950926633	0.1975942296156938
0.20156044660041159	0.19858440981094055	0.2011383919638844	0.19953259964360398	0.19918415198115927
0.2012854927150282	0.19900950967811892	0.20098639032975318	0.1989444078372744	0.19977419943982505
0.19983711736325005	0.20053504781386947	0.20103750301468762	0.20072513012842355	0.1978652016797691
0.20086645288386795	0.19786445254935225	0.2006711825031808	0.1997352853127276	0.20086262675087116
0.2023470632195404	0.19976342003481018	0.20056476704967788	0.19941869345750787	0.1979060562384634
0.19929248866679058	0.20048847857170427	0.20148941762020964	0.19896378831897452	0.19976582682232075
0.20281638077942163	0.19752397414240172	0.20025443434988632	0.20074926195783782	0.19865594877045228
0.20013322566121183	0.19815809572471813	0.20153015474805047	0.19975735117207508	0.2004211726939443
0.20219484010428196	0.19897683396775134	0.19975479088302048	0.19905589397172993	0.20001764107321607
0.20050969269268187	0.19992249546933694	0.20121276854744044	0.20073220855634125	0.19762283473419925
0.2010056284679702	0.19779795253995128	0.20159882170609783	0.2003269012597188	0.19927069602626166
0.20185548587655594	0.19896513500235177	0.20143960944078218	0.20016011634294759	0.19757965333736233
0.2014045181950972	0.19981395960575532	0.20094225657025783	0.19887923145521474	0.19896003417367472
0.20202738330126158	0.19743449778309732	0.20072576896191424	0.20096853298334477	0.19884381697038186
0.20185311543737075	0.19741385840900325	0.19993406653604895	0.20004836555491634	0.2007505940626605
0.20238437455395714	0.19741032079265497	0.2001608460804395	0.20070491772814128	0.19933954084480693
0.2012577422221274	0.20019873283093195	0.2011858408351344	0.19889407258903652	0.19846361152276953
0.20147744717536234	0.19796855937040436	0.20066018497050345	0.19989711720990136	0.19999669127382827
0.20178609827455585	0.199958431175048	0.20081320631314675	0.19985087468748886	0.19759138954976033
0.20187700298636707	0.1994095950891301	0.1999073574588467	0.20017721634001187	0.19862882812564403
0.20109092139891205	0.19887244069140003	0.20083071898295887	0.19941237248860416	0.19979354643812466
0.1992940694784292	0.19835829669970068	0.20157727134618392	0.2003444698823114	0.2004258925933746
0.20076652007062365	0.19992647873849195	0.19980559542205742	0.19966444478529538	0.19983696098353138
0.2003171539990588	0.19901958443868456	0.20126272374570825	0.19938288834931905	0.2000176494672291
0.19942307381828803	0.20067269798954054	0.20090396420125606	0.2007670741805144	0.19823318981040075
0.2013689048389686	0.2004457666222763	0.20091105926181302	0.19886045477061057	0.19841381450633128
0.20107830874801058	0.19900364842443513	0.2015463912417539	0.19926638110098513	0.199105270484815
0.20108539660102506	0.2006075713116458	0.20114499297330843	0.19894306821817	0.19821897089585047
0.20038202282713174	0.200666751335955	0.20036704058848004	0.20022564769647253	0.19835853755196048
0.2014206288665798	0.2004418844471725	0.20086542711009256	0.19895302461889672	0.1983190349572582
0.2022207597334201	0.1977399695768064	0.2001502783144629	0.1996563374901618	0.2002326548851486
0.20046086565004695	0.19966415183108474	0.19995340008619644	0.1998097832338909	0.20011179919878075
0.20095819574458945	0.2002828721156133	0.20071683510935137	0.19912133632311213	0.19892076070733353
0.20124665291579988	0.19881937564162364	0.20060647903223833	0.19898779434191974	0.20033969806841823
0.19998005757633	0.19876559086755216	0.20054335939579318	0.20042378778398479	0.20028720437633965
0.20303705865155225	0.19821647358853442	0.19989789626511967	0.20095881014759423	0.1978897613471992
0.19984888097713982	0.20067500821779596	0.2017291319451534	0.20021635863582612	0.19753062022408446
0.2026153943019315	0.1986243275792221	0.19998094053936682	0.19905615468810037	0.19972318289137897
0.20096638966828806	0.19903088693164614	0.2013645299091163	0.20109266863145495	0.19754552485949434
0.20110385153721333	0.19897114132375007	0.20077451374298286	0.20009063752615552	0.199059855869898
0.20019918428266772	0.19849016900466643	0.2014001868890591	0.1993644162311954	0.2005460435924111
0.20278705361754304	0.19797900191686232	0.20167073681578004	0.19920855567480159	0.1983546519750128
0.20179889893226752	0.19894233001597839	0.2004528357017749	0.2004102346618387	0.19839570068814028
0.20253615989457216	0.1992369627184288	0.20052999176625924	0.20000789396979035	0.19768899165094922
0.20001851413782093	0.1982545609082128	0.20163987126207514	0.20011310556954154	0.19997394812234937
0.20076296827281673	0.19837759272863592	0.19997420825612566	0.20085192086175077	0.20003330988067072
0.2006066981441239	0.19984480795031884	0.20033262983343883	0.2006247488133256	0.1985911152587926
0.20016553428296205	0.20006239752837768	0.2014468973261284	0.1991999203374576	0.19912525052507407
0.20139474880734853	0.20038224335386237	0.20091778123726367	0.19900776265582212	0.1982974639457031
0.19998508105638152	0.19740259252622505	0.20174751414129413	0.2004949723885073	0.20036983988759174
0.2006956125354271	0.1982775019264288	0.20091764027407566	0.20012933453357432	0.1999799107304939
0.20116161967648688	0.19784218759085304	0.20162368423689042	0.19963518695178253	0.19973732154398693
0.20064881450186933	0.20035110933561698	0.2002858038666584	0.20041666120045704	0.19829761109539804
0.201007775562936	0.19927309987208677	0.2013918808007723	0.20049607292287397	0.19783117084133073
0.19974104150457964	0.19988327915741305	0.20063153624719507	0.20100667967126648	0.1987374634195455
0.20207441791100098	0.19898568111537093	0.1997618196986741	0.1994720268934626	0.19970605438149114
0.20041922952177768	0.20031597085987907	0.20109946162168077	0.1996653579152136	0.19849998008144867
0.20103033852375657	0.19830230280287786	0.200513040708435	0.20103842625398136	0.19911589171094898
0.20035853186007108	0.19830587690831733	0.19997201099016018	0.20087140943261592	0.2004921708088353
0.1998396228456311	0.20046506926011354	0.2008550302918815	0.2006512216331976	0.19818905596917605
0.2004415125050445	0.19919053385822982	0.20045974939072217	0.2001492343135872	0.1997589699324161
0.20200629016697516	0.19757898124833304	0.20050559118212466	0.20055824934539898	0.19935088805716794
0.2009091165762714	0.19971464903365094	0.20126171060761128	0.19952555807650124	0.19858896570596493
0.201303767287159	0.19943040249111893	0.2008583837654089	0.2007920236265722	0.19761542282974073
0.20111635882067902	0.20041240741711758	0.20104204747388585	0.19922821458460963	0.1982009717037077
0.20117394240769737	0.19998269923990303	0.20017707499380574	0.20088768114354538	0.19777860221504825
0.1994664260441771	0.20015252837506167	0.20019535139967876	0.20094888003126676	0.19923681414981548
0.20247751074954137	0.19882046059069758	0.20074660761904814	0.19946314835702608	0.1984922726836866
0.1995076411267494	0.19833543344664864	0.2002306075370119	0.20105531416563022	0.2008710037239596
0.20206523896556586	0.19896776072296735	0.19976666278555563	0.20050822370034327	0.19869211382556767
0.19974929464036548	0.1995981178961502	0.20167350598021996	0.1996302114447435	0.19934887003852067
0.2014241158648085	0.20029820908819032	0.20037929965187756	0.20019453666387124	0.19770383873125216
0.20308216089853323	0.19909781158329246	0.20016222543503406	0.19896622320774648	0.19869157887539352
0.20249673206412494	0.19891163375163368	0.1999159935145877	0.20083960900881453	0.19783603166083893
0.20202049755124676	0.19745778176814432	0.20130006633998204	0.19938310521428104	0.1998385491263456
0.19999885688298016	0.20012915168819936	0.20161737346216033	0.200379514994118	0.19787510297254193
0.20240009016866142	0.19846565317208248	0.19990264481538675	0.20077257373828264	0.19845903810558646
0.20055738888571573	0.19982581519657466	0.20092795403587135	0.20094786871558437	0.19774097316625366
0.20190150342379065	0.2005668991597318	0.20033822041605046	0.19884763442614398	0.1983457425742829
0.2002157036353725	0.19853700578138725	0.20087764403418404	0.20077091414837817	0.1995987324006778
0.20179277614795413	0.19841074104501663	0.2006995577959215	0.20030130256507991	0.19879562244602758
0.19971863130157427	0.2002375715966994	0.20003720765128769	0.1993639840740468	0.20064260537639164
0.20196243886271287	0.19920534958093697	0.20021572051932832	0.20066170502288116	0.1979547860141405
0.20195608688370223	0.1986393841000733	0.20060957084937014	0.1996674141789321	0.19912754398792198
0.2017042760633556	0.19804424907358753	0.2000414426727828	0.20014647633434932	0.20006355585592459
0.1997688800411404	0.19995761535519363	0.20113565586327364	0.20114008628625193	0.19799776245414016
0.20155186354090732	0.19823385087094278	0.2016722827065105	0.20068193379983554	0.19786006908180362
0.20153369435785437	0.19875680471735763	0.20029893227009105	0.19922959276113256	0.20018097589356418
0.19944485619436922	0.19856582481731014	0.2011160908743762	0.2004938298381732	0.200379398275771
0.20299595044671612	0.19881138378192834	0.2012096152672313	0.19886361481945447	0.19811943568466955
0.20039870458639186	0.1994125388542279	0.2001887066336393	0.20114780013200392	0.19885224979373678
0.20095409124913954	0.19964679964449936	0.201571751817277	0.2000007234572624	0.1978266338318215
0.20227454763475325	0.1991331706684917	0.20106645707450288	0.19908479635162904	0.19844102827062293
0.20180280073053417	0.19845803919521673	0.2004978959676176	0.199364446602086	0.19987681750454528
0.2003041855679158	0.19776148914224442	0.20007294342746676	0.20095517672309188	0.20090620513928092
0.20010072903244416	0.1994802463345459	0.2017463593894619	0.19959108660554833	0.19908157863799947
0.20107941689735798	0.20007931561586356	0.20000842348252368	0.19984306603412372	0.19898977797013084
0.20124344365991137	0.19979755634341803	0.20093569024664024	0.19928397345354742	0.19873933629648272
0.20206433624098366	0.1973780283873568	0.20145367349782092	0.201051402943116	0.1980525589307224
0.2015428642780137	0.1983437439671305	0.20124601591184876	0.1992334125749783	0.19963396326802849
0.20170481760184766	0.19752141329765893	0.20052831090471132	0.2002191331669121	0.2000263250288698
0.20188381559624485	0.19765670202980384	0.20152514505304642	0.20077302884101023	0.1981613084798944
0.20297050674191353	0.19884159959660175	0.19999883201089147	0.20000033400488693	0.1981887276457061
0.2013222937842932	0.19827711608644963	0.20003395183177444	0.1997130836943606	0.20065355460312187
0.20299624037408354	0.19804569720573784	0.20046221645775247	0.20091201380992874	0.19758383215249717
0.20039956608263815	0.19772499859966886	0.20090329108877653	0.2010137482351255	0.19995839599379076
0.2008373223217142	0.1998770139625277	0.201353588118201	0.19988599384558264	0.19804608175197425
0.20233656269364	0.19740054056645842	0.20174988094533966	0.19916275353503363	0.19935026225952804
0.19979987825738385	0.20054208072450364	0.2008525238527804	0.2003285937311418	0.19847692343419004
0.20307306126823335	0.19925819691840765	0.20058660566056424	0.19919497883204193	0.1978871573207526
0.20235377859258832	0.1975222567400823	0.20156463151230977	0.19890003326447167	0.1996592998905477
0.19974272690634942	0.19914991738788806	0.20160966939294608	0.19917351363114133	0.20032417268167485
0.20230272958011017	0.19899103885897274	0.20059285082342637	0.2003687072296387	0.1977446735078518
0.20102827830084619	0.1997967484172242	0.20066835860191326	0.19997751446641462	0.1985291002136015
0.20239590273057653	0.19860830325218584	0.2012670462939597	0.19963772566071789	0.19809102206255977
0.20134145885119326	0.19995926612812673	0.20077193422043252	0.1997537510435533	0.19817358975669397
0.20198860695268567	0.1979690343443568	0.20048335626823682	0.19909782582279256	0.20046117661192792
0.20295489960806373	0.19797555054621885	0.2011747638739012	0.20029896934519034	0.19759581662662565
0.20196584619342528	0.19877162974879592	0.20030752583674505	0.20007681461730412	0.19887818360372944
0.2029833050187033	0.19912362086175076	0.2008185309087491	0.19913015527227568	0.19794438793852093
0.20068711943988715	0.20007297216291334	0.20064424487430532	0.2008335979342512	0.19776206558864276
0.20092247347234668	0.19900281251389265	0.20161379602121274	0.19948115159979363	0.19897976639275408
0.20148809568117432	0.1980298858993114	0.20142357846023107	0.19927555412746722	0.19978288583181575
0.20294668516769945	0.19823008982606988	0.20067328432217307	0.19958404745161387	0.1985658932324435
0.2020143643106186	0.2000006498327181	0.20025047094817397	0.20025046849224254	0.1974840464162466
0.19962458011590253	0.1981317499698822	0.2006429604727883	0.2010991305812142	0.20050157886021258
0.1995474834458089	0.200416692388697	0.2003175482880785	0.2011161922044339	0.1986020836729815
0.20198796270245242	0.2000379975109802	0.20094542141712968	0.19928980750786796	0.19773881086156953
0.20148130531956535	0.19956713742860466	0.200956441145473	0.19916841178840183	0.19882670431795496
0.20185506788656427	0.19938284049100433	0.19990467497241274	0.19901664460074717	0.1998407720492713
0.2017780927290731	0.19890524767755804	0.20162186834438967	0.198837060989454	0.19885773025952497
0.20195406904512167	0.19790593550740798	0.20046883729802017	0.20002454827875696	0.19964660987069296
0.2001847182080413	0.19848560356581216	0.20107463077666055	0.2007829111391207	0.1994721363103651
0.20011118614896037	0.20024408649603231	0.20029131804698602	0.19943635958254693	0.19991704972547414
0.20173616292356403	0.19921853914544962	0.20109034067130496	0.19891888807834152	0.19903606918133962
0.20143932880351278	0.19901639229174733	0.2011320060245713	0.20076889455640493	0.19764337832376344
0.20296741694029982	0.19765647049241925	0.19992497354536398	0.20058443244498533	0.1988667065769314
0.2023581978014322	0.1988730047033395	0.20140420140350604	0.19961443647940139	0.19775015961232065
0.20024403650010086	0.20007261658358355	0.20116405296013048	0.20036343535863296	0.19815585859755191
0.20101325282995514	0.19905170805583827	0.19990652530374278	0.2010973938468673	0.19893111996359628
0.20152930487414714	0.19912918283269382	0.20086324567677627	0.19911231458615725	0.1993659520302253
0.20271619457557652	0.1983796274876844	0.2012901486561225	0.199848843080229	0.19776518620038738
0.19930947243783312	0.19974855653341939	0.2015301878120515	0.19907924996088297	0.2003325332558128
0.2011849555203708	0.20053226583149966	0.20000567268945846	0.19929657650915725	0.19898052944951364
0.20225345407489606	0.19899733916071807	0.201174320201772	0.19897879702415483	0.19859608953845884
0.2014486125168109	0.1987641455060312	0.20125432967308907	0.19891658025414982	0.19961633204991877
0.20237673545690735	0.1998308488757674	0.2000421404385909	0.19976710056948546	0.19798317465924867
0.20140259589917048	0.1994334611570906	0.2013171453663023	0.1990979561022394	0.198748841475197
0.2022187092792001	0.19897101172855855	0.20064522624666065	0.19958126716598548	0.198583785579595
0.20274147972310552	0.19970199053295457	0.20028905127879862	0.1998140629658206	0.19745341549932047
0.20210578668438847	0.20053474496059645	0.20073065160692252	0.19904167785433668	0.19758713889375568
0.20021197527613788	0.19836543626156342	0.2011232961338831	0.19958566130399874	0.20071363102441664
0.2006813369416069	0.19829501418429224	0.20109964418653667	0.20107083316963997	0.198853171517924
0.2026345366698027	0.19822362525459047	0.2008694508334666	0.20014839253614197	0.19812399470599804
0.2001888499787819	0.20052543950362187	0.20154857283091543	0.20005550957002663	0.19768162811665393
0.20220884942254927	0.19741695407461068	0.20166549697508368	0.2008057542885506	0.1979029452392055
0.20038880130613967	0.2005667482398652	0.20067836812610612	0.20056972285601313	0.19779635947187563
0.2028881922401879	0.19837837197262606	0.1999989548736811	0.1991102893386028	0.19962419157490188
0.20183815831293175	0.19932208088924308	0.20125844059492973	0.1992396654444875	0.19834165475840773
0.2010650835654042	0.1997747716669829	0.20135810168729223	0.19917368579203934	0.19862835728828107
0.20094819640752193	0.19979716927165314	0.20144170400959083	0.19955094152546665	0.19826198878576723
0.20221379018254695	0.19806386221135053	0.20147775652132066	0.19949659481289844	0.1987479962718832
0.20016605758724024	0.1991756869308076	0.20064066308379006	0.20059080032083748	0.1994267920773244
0.20051675332603247	0.19824219431883602	0.20139375908616983	0.20046153350320836	0.1993857597657531
0.20017596445517175	0.19941000764793926	0.20080524743735542	0.2008222028870248	0.1987865775725086
0.20174255589341167	0.19825871805581397	0.20102968615246086	0.20058806876724747	0.1983809711310658
0.20300481575315224	0.1984928388501055	0.20056319575412376	0.19976495447548542	0.19817419516713286
0.2015051165572578	0.19986346850748993	0.19988562607273389	0.19908478405189092	0.1996610048106272
0.20134186757999625	0.19829183140837278	0.20118836709807392	0.2007081850130621	0.19846974890049474
0.2010615495937009	0.2005206637696913	0.20118394979593296	0.1997253827076484	0.19750845413302623
0.2009192158316241	0.19771892590751036	0.20105214631506108	0.19973138900895912	0.20057832293684513
0.20042148882519725	0.2001685190590202	0.2012543794615719	0.1992828288238543	0.19887278383035611
0.2008767334144605	0.19755640764732202	0.2003175259035706	0.201061059898344	0.20018827313630266
0.20142391205716603	0.19919720067729751	0.20105622808257378	0.19886851200190378	0.19945414718105867
0.19950089015799016	0.19794547967099768	0.2013353067930754	0.2004031986980952	0.20081512467984133
0.1995292053024801	0.20061102115372798	0.20023553018277176	0.20016944005745252	0.19945480330356738
0.2008233216004754	0.1987481065789253	0.20018187152379804	0.19960344062442664	0.20064325967237442
0.20083572080490747	0.1995608829221746	0.2006752257775809	0.20116677645411854	0.19776139404121826
0.20134132348097267	0.19740601684830725	0.2000258193160047	0.20066431556698794	0.20056252478772724
0.20125629610400791	0.19823604290225263	0.20134567273625803	0.19882488267735937	0.20033710558012183
0.20262226003364325	0.19929741761227454	0.19988828771098918	0.19919605319718833	0.19899598144590447
0.20241466642034667	0.1983937088948546	0.20098571264980777	0.20001010541626238	0.19819580661872835
0.20109283914227571	0.19789537860961023	0.2010014621230251	0.20110722102077397	0.19890309910431475
0.20007252405312514	0.19858965350537253	0.20094873188411427	0.1995212370931171	0.20086785346427075
0.1995468806805064	0.19946717699727945	0.20070777949927063	0.1993930605733087	0.2008851022496346
0.2022626836794227	0.20013452698822112	0.19993395561111504	0.19893551389854633	0.1987333198226946
0.2029913172781331	0.19739822706917395	0.20045068140610622	0.1999507805410428	0.1992089937055437
0.20084392213470198	0.1983239209169271	0.20134306023488446	0.20021510909484333	0.1992739876186429
0.20021114900456105	0.2002478270237335	0.20128204570268043	0.19997613556255378	0.198282842706471
0.20057771549557413	0.20013253080233637	0.20135442404943849	0.1988174821217268	0.19911784753092396
0.2003825045094295	0.19822089659888406	0.2011205270009194	0.1993450116882554	0.20093106020251142
0.2002976301133834	0.19989509730346347	0.20017734974687362	0.19969482033595398	0.1999351025003253
0.20147102831075145	0.1996454759797463	0.2009104072326848	0.1992072158607736	0.19876587261604362
0.20189681873443455	0.19858744146752288	0.20097040875977365	0.19963345108281547	0.19891187995545323
0.20151001669378601	0.20016637392175676	0.20005517814869664	0.200454518141515	0.19781391309424534
0.20030054271680123	0.20059623274085614	0.2003000265021057	0.2009595604587008	0.19784363758153586
0.20096305396016476	0.19775861204993428	0.20104468119295146	0.20039260489660413	0.19984104790034515
0.20145638768646415	0.19904455934688775	0.200843451882382	0.19955634664262453	0.19909925444164134
0.20172461704109088	0.19940701911688885	0.20158073731270656	0.19979869359538877	0.1974889329339247
0.20033221466443543	0.199629397998069	0.20017309486411833	0.19925825014012066	0.20060704233325635
0.2019461967692845	0.1995598066780161	0.20056350278062668	0.1989902930931415	0.198940200678931
0.19933647346386194	0.20056950911283974	0.19989109988484738	0.20081205977895314	0.19939085775949755
0.20022713742910123	0.20067439622154756	0.2007183638640312	0.19879711420739243	0.1995829882779274
0.20086135697346685	0.19867805853227172	0.20146887804965977	0.20083913332604625	0.19815257311855522
0.20240569880913645	0.19859416683639441	0.20068363080430227	0.2007424715365413	0.19757403201362536
0.20159269446871503	0.19760411311223722	0.1997671192757958	0.2008600217279943	0.20017605141525743
0.20027458171190715	0.19840968162805986	0.2013799621806624	0.1992874553924541	0.20064831908691624
0.2001767221650745	0.19891433937942457	0.20094433464392758	0.2001737861003513	0.19979081771122184
0.19958327245396562	0.20020571137848003	0.20101864233875696	0.20053298993369664	0.19865938389510052
0.20138550858994753	0.19919567679767328	0.20007568645908752	0.20001897432108104	0.19932415383221042
0.2003044724356279	0.19939627007597338	0.2010037308386804	0.20114852016079357	0.19814700648892455
0.19996401574790731	0.19944393894531692	0.20145837076280262	0.19960824435518515	0.19952543018878777
0.2000940466377964	0.20038413525792997	0.20156647017920964	0.19892829308656862	0.19902705483849514
0.199512360864457	0.200393172493943	0.20084173437943195	0.200154850440067	0.19909788182210084
0.19994703265362543	0.19922387880038087	0.19995686328167045	0.2002585296875469	0.2006136955767761
0.2010836755950327	0.19841235340538643	0.2011187973813616	0.19958203683503192	0.1998031367831871
0.20117457614097173	0.19822590688707248	0.19990524234885765	0.20099574977058962	0.1996985248525083
0.20046974702869613	0.2001394468101186	0.20124722992606234	0.19988010190978917	0.1982634743253335
0.20240200313313952	0.19889649944251764	0.19976792433712612	0.20105834635521408	0.19787522673200245
0.20199889286549444	0.1987886570257334	0.20027476773705236	0.20064076255469046	0.19829691981702913
0.20196013706437008	0.1990798880567572	0.20046915573847968	0.19911834710835558	0.19937247203203726
0.20093083916307747	0.2006547203449746	0.2005070015281624	0.1988863780364888	0.19902106092729652
0.2014419413148642	0.20047035477435854	0.20141639629033425	0.19880546745526	0.19786584016518277
0.20237064871078472	0.19834218002342846	0.20032683627955586	0.20042757583469223	0.1985327591515385
0.20149451071514085	0.19910110145974053	0.20001152240207662	0.2009842298233749	0.19840863559966687
0.19953263528124984	0.19905886031743217	0.20073814634646212	0.19980016118950847	0.2008701968653472
0.2002180711671888	0.19849183709935253	0.20030067543446026	0.20108123764712849	0.19990817865186972
0.2004477869934126	0.19877069735806766	0.20160408267668706	0.2009126257948004	0.19826480717703207
0.20255679026144532	0.1990334262005342	0.20027950797116018	0.20016860335650244	0.19796167221035763
0.2007095214513789	0.1978659547351826	0.20080838046621685	0.2001140948088438	0.20050204853837764
0.2009839407601455	0.19916923464401562	0.20168996807828848	0.19933121802853576	0.1988256384890144
0.20109550772733747	0.19868342742304587	0.2012289686038468	0.1996348786504939	0.19935721759527575
0.20063879071629706	0.19926854789396992	0.2002118259576238	0.200612295254273	0.199268540177836
0.20071043106055902	0.19775116268734302	0.20153654623988304	0.1996476946064423	0.2003541654057724
0.20021548223339616	0.19906128793545652	0.20087220450714707	0.20103462911007836	0.19881639621392166
0.20000361360658253	0.20064535955548454	0.20037983614518196	0.20065960556484563	0.19831158512790512
0.2023378143561839	0.19759614032025088	0.20131324597835967	0.20046909542762176	0.19828370391758357
0.20040659729721536	0.19865957077996185	0.2014867510701661	0.19995960406871904	0.1994874767839374
0.20086184140916347	0.20064868972824343	0.2002452582677826	0.20053650598279402	0.19770770461201628
0.20122860699754314	0.19829411824497573	0.20018058195797853	0.20049161813341743	0.19980507466608496
0.20092491601038198	0.19913754411490006	0.20083817829460837	0.19891219542411706	0.2001871661559923
0.20074152219305477	0.19884987594392525	0.2015271075814034	0.19978548866017715	0.1990960056214392
0.20247089797316078	0.19864966410393045	0.2008276256224902	0.19964841711586187	0.19840339518455646
0.19990624755763325	0.1990433920830254	0.20152615438222457	0.2009850891121317	0.19853911686498485
0.2022215011486268	0.19872877777785727	0.19999862467563034	0.19939817765850887	0.1996529187393765
0.20098993932890027	0.19818115288149593	0.20170686405904956	0.19903405627787266	0.20008798745268136
0.20041268287584202	0.1974469108997924	0.20168208305546104	0.20023127233001145	0.20022705083889283
0.1999017912537135	0.2001138126359446	0.20033733138064624	0.2006441005083804	0.19900296422131503
0.20190393821247107	0.19830309002820712	0.20069160666389754	0.1990887264782332	0.20001263861719085
0.19949638772477923	0.1982959711977883	0.2017007928604557	0.20093309167534334	0.19957375654163317
0.20301316100417224	0.19791482998704377	0.20049478172110696	0.2008852966322144	0.19769193065546237
0.20011130637625035	0.20044359159734979	0.2006397117602917	0.1994280065552451	0.19937738371086286
0.20006488054289717	0.1986173184784607	0.2014076801120386	0.20040842613233162	0.19950169473427168
0.19956595095344448	0.19980615748146172	0.20032526384969057	0.1996603004676946	0.20064232724770842
0.2008116908097496	0.19744903432750877	0.20094144061403518	0.20002142283077692	0.20077641141792932
0.201004084349417	0.1981511065096025	0.20098009595819882	0.20003562870212194	0.1998290844806595
0.20023086027512513	0.19906444281900634	0.2012698378516796	0.20106744671103324	0.19836741234315544
0.20058344655637775	0.19911409979269193	0.2008203366375458	0.200544277424688	0.1989378395886963
0.20079881076548917	0.19994167185508024	0.2013636585161731	0.1989785532065467	0.19891730565671054
0.20071217267685335	0.19915568208178533	0.20126651920486396	0.19882942430306227	0.20003620173343487
0.19961358235842827	0.19895047918780956	0.20168784898386974	0.20113245400340007	0.19861563546649214
0.20150608408457066	0.19784632233845365	0.2011282255207042	0.19922983675929998	0.2002895312969713
0.20286115353461467	0.1979283010942984	0.20098171756242336	0.20003501362907578	0.19819381417958756
0.20056941208578025	0.19870636538680006	0.2012661475547987	0.19999459481682744	0.19946348015579332
0.2005767318228213	0.1993599886695832	0.20167282605505005	0.19909946153826003	0.1992909919142852
0.20149071964303536	0.1991966671900551	0.2005650339394039	0.1990232622226869	0.19972431700481852
0.2001689639746346	0.19923852958632896	0.20028248088588885	0.19973106030192114	0.2005789652512262
0.20124995117438887	0.19838067142210591	0.20008155021319976	0.2002927425345682	0.19999508465573704
0.2009999323339806	0.2005157720593727	0.20006930979695547	0.20095697233397652	0.19745801347571446
0.2023911862239016	0.19941564427372424	0.19978935378888896	0.19891759655766567	0.19948621915581935
0.20007360486906328	0.20026923684064496	0.2005032804136943	0.2008048259984209	0.1983490518781763
0.20183673958439088	0.19917504072467143	0.2016750982951756	0.1992539223905277	0.19805919900523417
0.20169876493925126	0.19874687087574444	0.20069077060263377	0.19986018240680728	0.19900341117556303
0.20263699994415924	0.19896587087160164	0.2009672175226487	0.1999650502065431	0.19746486145504707
0.2013298747865303	0.19980528624013744	0.19995262123118202	0.20115586391175994	0.19775635383039009
0.20129099911088957	0.19756103699698016	0.20161370369000517	0.2003568304424045	0.19917742975972041
0.2017692797307061	0.19997821583632128	0.20009728133953011	0.20040538252587353	0.19774984056756875
0.20295035984416607	0.19800000643550456	0.20152696602351716	0.19909424588144783	0.19842842181536416
0.19959715180011375	0.19891247650475843	0.20122001013535432	0.19960488456516381	0.20066547699460946
0.20261975231314547	0.19748129489026456	0.20067278317259757	0.20088623512622103	0.19833993449777115
0.20095049262805809	0.19739607239698945	0.20173104387336732	0.19927730351895923	0.20064508758262567
0.20051301586529977	0.19832535715361146	0.20008635065885377	0.2005481603756705	0.20052711594656425
0.20077465601672978	0.1998002559384573	0.2012459161483026	0.1988930097721864	0.1992861621243237
0.20096364331617672	0.19992634688734828	0.20096108313906902	0.19933740562354033	0.19881152103386546
0.2013135904124999	0.1987541671430508	0.20039236487598888	0.2001708323213174	0.19936904524714277
0.20073628358439358	0.199649823751157	0.20096015227068173	0.19890540700647824	0.19974833338728923
0.1999138615072613	0.19960273514123342	0.20048599374201526	0.20109067650422122	0.1989067331052686
0.20236077289021165	0.19807563507013737	0.20045222100584326	0.19891777636385308	0.20019359466995443
0.20259607180603784	0.19880579733889228	0.20057895527938413	0.1988588706159041	0.19916030495978146
0.20171103234398902	0.1990330004663428	0.2015649633771472	0.19957105594511262	0.19811994786740814
0.20101937756962887	0.20019456530826782	0.2016127899970536	0.19930869853300515	0.19786456859204432
0.20174969206808582	0.20048790539034775	0.2000002620800646	0.19975893701516742	0.1980032034463342
0.20272439569685546	0.19745365650122684	0.20033032762910719	0.19909862326058034	0.20039299691222998
0.20058835778083736	0.1999790344912754	0.20103701231219342	0.19904854824033552	0.1993470471753581
0.20212379313965229	0.19871572262477954	0.20054211308345174	0.20044049782724865	0.19817787332486755
0.20122899210612777	0.1987098318665612	0.20020532921367895	0.19932892554142792	0.20052692127220398
0.1995629425545889	0.1992756455796614	0.2005569250629084	0.20005667985918268	0.20054780694365842
0.20113971007294973	0.19851555827580084	0.20087384622820958	0.19887286297197862	0.200598022451061
0.2028193570386344	0.1986063231745469	0.20004104384237784	0.20046399418348057	0.19806928176096003
0.1997067418345169	0.19995533523499073	0.20145929210730457	0.200446966565798	0.1984316642573896
0.2026186279903792	0.1990788261409866	0.200276356043944	0.19910757645294577	0.1989186133717442
0.2010221217771416	0.19830889903832286	0.2006475874097473	0.20100716529825854	0.1990142264765295
0.1995036276464336	0.19831261713644727	0.2012271715800956	0.20032656097753443	0.2006300226594889
0.2011061933487789	0.20023310225462163	0.201583478231849	0.19944064262956107	0.19763658353518918
0.2011261265875402	0.19924024678598642	0.19982742770786033	0.20077059411680953	0.1990356048018033
0.20012179080104178	0.19752320168132625	0.2014594781640238	0.20028524687552188	0.20061028247808607
0.20022627303005489	0.19801945273993432	0.20097697215136887	0.20070473408916387	0.20007256798947784
0.2000040031221965	0.20043528788862322	0.20169718686068097	0.19974392885412914	0.19811959327436993
0.2006975825061157	0.19944259785992388	0.20095680542930247	0.20038479940682927	0.19851821479782847
0.19992089506295538	0.20029279883398937	0.200443708300863	0.2000947518930091	0.19924784590918293
0.2022051740856659	0.19750023305228667	0.20052998883950238	0.2010524431509123	0.19871216087163251
0.20180549465026948	0.1982271107680365	0.20082626320688982	0.1990159945974308	0.2001251367773732
0.20008943877560462	0.19959400658676654	0.1998464445323105	0.19991806666967318	0.2005520434356449
0.2006069857901081	0.19908972759139074	0.20146788724558087	0.19927392919717143	0.19956147017574863
0.2005423055267772	0.19990784114331192	0.2002272768465381	0.19902577569939392	0.20029680078397863
0.20006117374659804	0.20007777898196186	0.20092636218844986	0.2003810361539697	0.1985536489290203
0.20181951111220006	0.19771000437813652	0.20098367067357137	0.19903984053684431	0.20044697329924754
0.20154894527463152	0.1988235632218413	0.2011173667767126	0.19981994327429464	0.19869018145251974
0.20141716764124526	0.19923867828454658	0.20027378122852407	0.20033487696162933	0.19873549588405454
0.20193654518954568	0.1999761830060616	0.20023646332220454	0.1994068886053611	0.19844391987682686
0.20174556049154097	0.1989785101175335	0.2006800185384975	0.20114904628212069	0.19744686457030708
0.20175825493205626	0.19758569168985837	0.2010904214138189	0.19933283197505194	0.2002327999892143
0.20182014213776128	0.20000164222666098	0.20144055033870706	0.19901978790680988	0.19771787739006058
0.20159182098221362	0.19919515877866328	0.2001885141923504	0.19929630390430675	0.19972820214246573
0.20302850185578605	0.1973900207085588	0.2003473445372874	0.20027896809307758	0.19895516480528994
0.20178485585502895	0.19874806131779155	0.2003366805016861	0.19928698509662945	0.1998434172288637
0.19995663980491654	0.2001733167836679	0.2004228557227872	0.2006987443597827	0.19874844332884545
0.19941184302508583	0.19945193341970963	0.20016411857156913	0.20015647928079938	0.20081562570283584
0.2013522889125628	0.1991860781802843	0.19984424472480344	0.19997548036593904	0.1996419078164102
0.20195612817917324	0.1975237846086209	0.2001821615388293	0.19948181636350734	0.20085610930986894
0.20016596867695735	0.197758086647271	0.20099393923836684	0.20021439379722705	0.20086761164017758
0.20052116491144972	0.19849209944863805	0.20108432332605464	0.19904903100172996	0.2008533813121274
0.20290072946075488	0.1996730378481001	0.2006585913029974	0.1989392204821121	0.1978284209060353
0.20256207909126125	0.19808069180066784	0.20122775085938535	0.19882434528608947	0.19930513296259586
0.20134345733696973	0.1979211928357552	0.2007769542527541	0.20032845792086418	0.19962993765365655
0.20010286208203867	0.20013672387247103	0.20080950531404634	0.19966246219593123	0.19928844653551248
0.20261821649471864	0.19842129576658016	0.20055016013864752	0.20067373600093927	0.1977365915991142
0.2005853573235242	0.1992445832949153	0.201166118835897	0.20094542170695306	0.19805851883871026
0.2000278605326766	0.19962916981830273	0.2006823982970374	0.19917655000220857	0.20048402134977447
0.20207056511168822	0.1981596714773169	0.2014202265194892	0.1999405280804008	0.19840900881110465
0.2002591149290672	0.19885029929417877	0.20126862091678702	0.20061821803594268	0.19900374682402414
0.20015132550361223	0.19874920421088468	0.2002416973586662	0.2003090960976401	0.20054867682919655
0.20111651168778688	0.19832121657092772	0.2007853814383905	0.19958991206295915	0.20018697823993556
0.20041304422053113	0.19932112089169726	0.20054996907929418	0.20088769796872047	0.19882816783975674
0.20282902802485475	0.19970667290906707	0.20063192958642087	0.19922016204273482	0.19761220743692223
0.2015516716678022	0.19961480595326017	0.19993815604422843	0.20003797884725466	0.19885738748745435
0.20168458996722866	0.19850278577231176	0.20007446205064283	0.2008892886177424	0.19884887359207407
0.1998417430980537	0.20047558432013932	0.2006246507090534	0.19967889319589838	0.19937912867685503
0.20156774885799417	0.1994739630158677	0.2007106127676837	0.20073589698944266	0.19751177836901154
0.1994630303841674	0.19956033707667195	0.2015044205393951	0.20070686214964914	0.19876534985011618
0.20179749322658996	0.19990784012621485	0.20076539210467784	0.1992443582961799	0.19828491624633723
0.2007879615364842	0.19837704679156856	0.20058185089153197	0.19958936996476678	0.20066377081564823
0.20124322231358455	0.19769495971092269	0.20145083007529896	0.19892952163960073	0.20068146626059286
0.20174275549417575	0.19945351546095988	0.20019472238942693	0.200986675446057	0.19762233120938022
0.20039354245879942	0.20052141825505537	0.20079995963361136	0.2000129567047429	0.19827212294779073
0.20227932183124503	0.19870126345082084	0.20144321032985918	0.1991342975862704	0.1984419068018043
0.201454667824608	0.1977859544701673	0.20068469240712564	0.19942931639343767	0.20064536890466117
0.20080762434730612	0.2002014130853721	0.20102313709101935	0.20026088270046138	0.19770694277584086
0.20225221889285672	0.19826529937517706	0.2012696437004739	0.19886322086995362	0.19934961716153848
0.20005250770590596	0.19863472379650476	0.20093002118612072	0.19961275489428745	0.20076999241718088
0.20111560545658388	0.19827110906754342	0.20078140050756257	0.20110451468468285	0.19872737028362705
0.20200162233738314	0.19826884842197368	0.20163564937849598	0.199584652559637	0.19850922730250997
0.20107309442225707	0.19812923065193863	0.2017144059764271	0.2004348982367113	0.19864837071266567
0.20308213416882792	0.19919458090437522	0.19989134554036522	0.20002357659699987	0.1978083627894315
0.2009755658758063	0.19962285994243983	0.20118415356190367	0.19997290234399762	0.19824451827585235
0.19986860757959948	0.19834795811352376	0.2006068899754035	0.20033515924730688	0.20084138508416616
0.20129886427770813	0.197594132759402	0.20094946985590872	0.20073144420473976	0.19942608890224117
0.2010421936995389	0.19971081508513003	0.1998402470852717	0.19967468848153686	0.19973205564852226
0.2003792075371019	0.19902531572541846	0.2000676354603738	0.2003213818330587	0.20020645944404694
0.19932734766527538	0.19916626143255875	0.20038215923171537	0.20018823502050162	0.20093599664994866
0.20022245377800044	0.19973029971863276	0.20034180459538245	0.2009261530375973	0.19877928887038682
0.20087927466132474	0.1974433362865722	0.2011229120525247	0.20008137868789103	0.20047309831168708
0.20214352321026116	0.19933220076315675	0.19981863714123968	0.2007417144933686	0.1979639243919736
0.2026107827340298	0.19834609373817227	0.20002394987221192	0.19999115895007852	0.19902801470550724
0.20176538203172928	0.19764426194779486	0.20092002710798976	0.1993262044137189	0.20034412449876698
0.20210056710795402	0.19890079801111346	0.2001636563516383	0.20061772035142283	0.19821725817787117
0.1996982318550196	0.19829389858804822	0.20120935173164717	0.2004403462021366	0.20035817162314823
0.2013957234163336	0.19912470562649148	0.2007394377382181	0.200923150480722	0.19781698273823461
0.202420273063268	0.19883549634379263	0.2016028127883371	0.19903024085751542	0.1981111769470866
0.20268502799961347	0.1975890704031573	0.20074474325734104	0.20011061627671858	0.1988705420631694
0.20080137280464153	0.19888741572988972	0.20174228112680945	0.19962205435789665	0.19894687598076244
0.20169984506342648	0.19839283503266988	0.20055603004385186	0.20076852452707167	0.1985827653329799
0.20011768376002273	0.19813127157377033	0.20049832198927053	0.2008700984793799	0.20038262419755629
0.2017839764681933	0.19950148804851017	0.20094297049919493	0.20004620861554073	0.19772535636856065
0.20237120483673363	0.19793336749894822	0.20053738519495234	0.20116121837424827	0.19799682409511732
0.20136889224232016	0.1979731083778326	0.20156108210006193	0.19922469773349571	0.19987221954628936
0.20104315508684392	0.19984378062797534	0.20059033520915762	0.1991230114930561	0.1993997175829668
0.20229594102334247	0.1977318992892546	0.20157916774730403	0.1992223274100281	0.1991706645300706
0.2027626751825174	0.19797325569102994	0.19989732707359453	0.20100429319269458	0.19836244886016333
0.20279595619313728	0.19807606649206774	0.20036429531592512	0.19908134624579746	0.19968233575307218
0.20036081547289045	0.19966450586814952	0.20138404345328786	0.20074981726338875	0.19784081794228323
0.20218797407977881	0.19751284285620319	0.20123223412586744	0.1990961925335744	0.19997075640457593
0.20187406956590273	0.19846145528172046	0.1999539240521177	0.2009981031587907	0.19871244794146817
0.20053573016888465	0.19956666734129277	0.2005474414332339	0.20003141433144506	0.1993187467251434
0.2016354606696983	0.1984593498901364	0.1999503971697235	0.1993146454638967	0.2006401468065449
0.19983255451345425	0.20038675717653537	0.20023887399197723	0.1995244501743445	0.20001736414368843
0.20075507231283926	0.19983687389925964	0.20087233182135628	0.1996532012652285	0.1988825207013161
0.20201899762537728	0.19802684020601022	0.20041914176525985	0.20115003263363845	0.198384987769714
0.2027348421994831	0.20027487165743493	0.19976379356676072	0.19911658663511966	0.19810990594120137
0.19966732634139406	0.19893025200743952	0.20175782664080716	0.20026151987377078	0.19938307513658826
0.20160134242019417	0.19898114582034032	0.20098754282527934	0.20092501375359018	0.19750495518059577
0.20023040744119333	0.19932391443864914	0.20038880949899304	0.20003264026168674	0.20002422835947753
0.2003821795469795	0.19915284479889073	0.20071046187607797	0.20054344437819144	0.19921106939986014
0.20067154253437655	0.20027034626761434	0.20021974650017996	0.2003686796810412	0.19846968501678774
