0.19612320454613597	0.20906941168277327	0.19953121208092717	0.19091728022506427	0.20435889146509909
0.1844934856801353	0.20384135601509104	0.20894467400989417	0.19095095091401323	0.21176953338086607
0.19030727730499158	0.20713191957025986	0.20342644067652121	0.19408152673926768	0.20505283570895944
0.19482705589696162	0.20221798957006307	0.19815073197186495	0.1951366131962261	0.20966760936488404
0.19286509515861242	0.20294103675407116	0.20025531730658658	0.19535983159634718	0.20857871918438245
0.1959550080465179	0.20348383712310786	0.19462967639641002	0.19538252739554926	0.21054895103841476
0.19724615945451254	0.20965396847719261	0.19639470809615858	0.1935433147403662	0.20316184923176983
0.19177374058665814	0.20784668235509388	0.20629706593311056	0.19347269409111392	0.20060981703402325
0.1994180832015569	0.20694389697061194	0.19779463058162472	0.19391626764368486	0.20192712160252133
0.19084845312916432	0.2091834090919217	0.19575817111164748	0.19403981132953507	0.2101701553377312
0.1895063429935735	0.21088179262651888	0.19670820215549112	0.19388942333054698	0.20901423889386933
0.1880699214463968	0.20603182126227712	0.20931399440932483	0.19315282567746028	0.20343143720454077
0.19434751957362292	0.21114812793468835	0.20149190900809041	0.1896444237251316	0.2033680197584665
0.20274703303072272	0.2003160843432089	0.19588124663110895	0.19104871329158657	0.21000692270337262
0.19926780745955625	0.21015685005804083	0.1929666006838537	0.1932624764343541	0.20434626536419492
0.201999884419923	0.20548965518248574	0.203911989277265	0.1895725847225516	0.19902588639777444
0.19768424443346547	0.2010147984484282	0.2024240687239663	0.19525672311617245	0.2036201652779674
0.19255497894121817	0.2079658258881722	0.19713096191674326	0.19308747927602188	0.20926075397784427
0.19282886237396513	0.20258400522746936	0.2072761321055796	0.19120214898892213	0.20610885130406356
0.19942385379395003	0.20225827666650026	0.1968080892700491	0.19628034811665615	0.20522943215284423
0.1944923159211708	0.20743218934445842	0.2025718389620199	0.1899534731278958	0.20555018264445485
0.1901884791867253	0.20514365791276482	0.19861920603435887	0.19353404849985623	0.21251460836629454
0.2011193991863313	0.20516089218821754	0.1945186527469256	0.18979896479674835	0.20940209108177701
0.18817301706210518	0.21148059880096626	0.2044040953096568	0.19091864318172871	0.20502364564554282
0.19163964475017703	0.2032041605608053	0.20625210536376004	0.19008463351228866	0.20881945581296874
0.20312681605446964	0.20000659130977544	0.19435384501446729	0.19114604598015947	0.21136670164112797
0.19657704441050616	0.20692616698243183	0.20165144951253472	0.19503775245470578	0.1998075866398213
0.20000681469094694	0.2038698907285078	0.2049827167361071	0.19283487931755589	0.19830569852688204
0.18907230124739552	0.2100400273156349	0.20553489530884123	0.19644041946332605	0.1989123566648021
0.1872259613354745	0.20503248991609282	0.20467724005157129	0.19361849098225944	0.20944581771460175
0.1844251906222281	0.2074162399170634	0.2054626391416123	0.19400286143501752	0.2086930688840785
0.1977056111857184	0.20107492579466862	0.1975663756831624	0.19347874482754918	0.21017434250890119
0.18436978044965685	0.21126861521719018	0.20793695193432804	0.1915156219356179	0.2049090304632068
0.19315255775868878	0.20250152824772094	0.2084686621030099	0.19435447890892793	0.20152277298165222
0.20138776381104767	0.20751833352482146	0.197907298786113	0.19117519469258185	0.20201140918543584
0.20299814542644815	0.20182249331491844	0.19707403922312333	0.19647933892935382	0.20162598310615604
0.19579302401027662	0.20838863881787686	0.19514866990004845	0.19467861284202037	0.2059910544297775
0.19296707790500944	0.2053173144371891	0.20324250709263372	0.19350346858089235	0.20496963198427517
0.18980166424258696	0.20803585667064406	0.20047103705728328	0.18992920498065863	0.21176223704882682
0.1986654574713363	0.20574690463851175	0.20585091724857393	0.18943457636324101	0.20030214427833679
0.18636551811920768	0.20927990960484041	0.2032210812610301	0.19116459786274942	0.20996889315217215
0.19749455044244604	0.20468184162219488	0.2061807414643438	0.19120556088443688	0.20043730558657818
0.18558309233242146	0.20234597769146473	0.2085943523374047	0.19128523447123086	0.21219134316747806
0.20317737962177823	0.20429260639776847	0.19681698411424897	0.19109567024795354	0.2046173596182506
0.18372352429202282	0.20795533101409866	0.20740005928606217	0.18978681977756087	0.21113426563025525
0.1970448318293432	0.20062825509582302	0.2063636779050042	0.19425687323217827	0.20170636193765107
0.19800147895028353	0.205110904557468	0.20367342682265258	0.19418248670449478	0.1990317029651009
0.18998442443323374	0.21018681078536988	0.20123855779918856	0.1922783275129236	0.20631187946928403
0.18668491608689453	0.20769807017760838	0.20358459735456755	0.1949551344528094	0.20707728192811994
0.18799577204365342	0.20339965054913206	0.20871572138443725	0.1945415383150538	0.20534731770772324
0.19469974744209537	0.21035362896520285	0.2030722222039736	0.18877077234232778	0.20310362904640017
0.18904012983938265	0.20511451853994775	0.20738962608278924	0.19523441812208292	0.20322130741579722
0.20155949261224043	0.2012425257911097	0.19765522142333303	0.19017856070962175	0.20936419946369486
0.19316249361024546	0.20371105859026223	0.20008603622412308	0.1926045571964795	0.21043585437888954
0.19081696932449643	0.20835275898620648	0.2067764009005576	0.194121778117789	0.1999320926709503
0.1914882625558362	0.20278535425168234	0.2053157722670792	0.194265244937313	0.20614536598808905
0.19345529774262457	0.20285018607058516	0.19680035814455943	0.19445860374628368	0.21243555429594696
0.18603568204215729	0.20721517167128545	0.20905652376031944	0.19400021106226423	0.2036924114639734
0.1973299878061603	0.20466165815570353	0.19762224799297523	0.19128126714690635	0.20910483889825435
0.1947483101103308	0.20876648204330323	0.20735436036266966	0.1897752891658904	0.19935555831780566
0.1872046107858165	0.20357156415247263	0.20436394404268815	0.19225634821010085	0.2126035328089217
0.18947614125559561	0.20638441638416097	0.20160329060028534	0.19309583090630072	0.20944032085365713
0.18889296537409367	0.20612727897648284	0.20207923645817857	0.19197825052671913	0.21092226866452557
0.18845178113239316	0.2097395978403588	0.1997117889471228	0.19158432143229834	0.21051251064782667
0.20330875970631584	0.2014510426683556	0.20270703341550875	0.19131450725857044	0.20121865695124916
0.19749502940482808	0.2071569393698267	0.19514103620512696	0.19046520949565515	0.20974178552456285
0.19683417653896712	0.2078136149888983	0.20492325722867172	0.1891493311338059	0.20127962010965678
0.20018693790916636	0.20633679801439786	0.1986552056099802	0.19094954805966324	0.20387151040679208
0.18725765687090473	0.21135688779204295	0.20925988885517707	0.19106803800018352	0.2010575284816915
0.20392006822802927	0.20003087244766327	0.2029175267896676	0.19084674972891172	0.20228478280572793
0.19178282514484213	0.20495716434607686	0.19516949415902674	0.19638091895886953	0.21170959739118453
0.19106259042758011	0.21143080877024661	0.20205583737432511	0.1891867596015958	0.20626400382625215
0.1958153007794668	0.21058335347904195	0.19970171804083908	0.19418111260652096	0.19971851509413102
0.20003774434177252	0.2072323978233908	0.1961878861230495	0.19334782420673352	0.20319414750505344
0.195369209763343	0.20138667891747636	0.20539662586480675	0.1888180360660348	0.20902944938833887
0.20071254996971097	0.20234312589705034	0.1942632586945566	0.1903158565782059	0.212365208860476
0.1976295354265196	0.20495844827260115	0.1984163648357015	0.18946945016338604	0.2095262013017915
0.20163185789373023	0.20472475967449924	0.20108455538525674	0.19428178850716915	0.19827703853934445
0.19080353523868557	0.20523370459782306	0.20085162727622866	0.19560798955819095	0.20750314332907155
0.1965527538684076	0.2037832699383757	0.20460086516754464	0.19157932237237463	0.20348378865329722
0.19361273883860375	0.20314575115158764	0.20664138037460772	0.1896660052569438	0.20693412437825687
0.18959646953032902	0.20957013378034725	0.1974267884429861	0.192727426056935	0.21067918218940238
0.20169195336397888	0.2042833387817596	0.1983190739095324	0.19082487270414447	0.20488076124058438
0.1990020671058332	0.20425742984988404	0.1973167166509505	0.1945133373068759	0.20491044908645614
0.1876654662424337	0.20958941342241147	0.20294111273316073	0.19009114486083814	0.20971286274115572
0.19952889990442546	0.20613609712046754	0.19744056409290112	0.19599268917018467	0.200901749712021
0.18907576566183554	0.2038837649250922	0.20649849736115955	0.19518827699399532	0.20535369505791717
0.19686691105595563	0.20549352318505812	0.2024201791881716	0.19627628509058362	0.1989431014802308
0.18898963583275483	0.21114423864253312	0.19462078871955435	0.19498566150950947	0.21025967529564799
0.19344572473192373	0.20363471906276684	0.20938928875565282	0.18985992617914088	0.2036703412705155
0.19346777448412192	0.20270804599353312	0.20233725890555387	0.1943353324908347	0.2071515881259562
0.20152090710896442	0.20084632600812458	0.197510438802275	0.19422515854196754	0.2058971695386682
0.19465987900803516	0.21110492417958346	0.19603123653681584	0.1911231399657347	0.2070808203098306
0.20362447024993682	0.19961025675100474	0.1962416668841458	0.18879340275960327	0.21173020335530918
0.19886808644349183	0.20482606422602698	0.19997429335371233	0.18994928687522822	0.20638226910154045
0.18932497249085564	0.20944939081047545	0.2016305935782568	0.19071397819724195	0.20888106492316993
0.20059624737638856	0.201180816984502	0.19487494489210033	0.19528481363609976	0.2080631771109091
0.1925378354875482	0.19984509849192436	0.20946733891618458	0.19524388693764028	0.20290584016670238
0.19097933093338765	0.20319784424944598	0.20535041073023608	0.19244187591641462	0.20803053817051548
0.18707178946676095	0.20944289803123767	0.20551996760388944	0.1937038054085567	0.20426153948955503
0.1870058950792763	0.20442543053753234	0.20614786094420415	0.19443331666021235	0.20798749677877465
0.20124607971212868	0.20876524298466304	0.1988664107258749	0.192378416758394	0.19874384981893914
0.19907744299238503	0.20522141076014286	0.20015462976270243	0.18995706807407345	0.20558944841069599
0.18862731632259186	0.21067002217208164	0.2043110451296766	0.19303162311177974	0.20335999326386997
0.18496221254420242	0.20918646008818337	0.20360273684403554	0.19491661507004804	0.2073319754535304
0.19145761475339199	0.2055559046853955	0.20667408649598956	0.1943716633600751	0.20194073070514762
0.1973494897138124	0.20139764667616153	0.19732283403125458	0.1943460626115735	0.20958396696719778
0.1939603931496923	0.20217310471255848	0.20460358486945626	0.19069652942238516	0.2085663878459076
0.1882798170480319	0.20154674564412728	0.20481597339117008	0.1954529770625086	0.2099044868541619
0.18622279603123415	0.21034223803340302	0.20012917614459952	0.19308572302119553	0.2102200667695676
0.20034855352803269	0.19988777765332036	0.1955968936917036	0.19261234810686848	0.21155442702007465
0.18441435845075613	0.20937949941193199	0.2089954399839023	0.19023144599923134	0.20697925615417803
0.18547570279336964	0.20326317991563433	0.20741990253110593	0.19143580861259352	0.2124054061472964
0.19386290068636397	0.2029765571992759	0.20742095679333403	0.1955283845702549	0.20021120075077095
0.1903570310977482	0.20668892501380268	0.20838296503777465	0.19222533723871935	0.2023457416119549
0.19542837420530995	0.2106383704432931	0.20340768815737764	0.19114087979046882	0.1993846874035503
0.19498557810410255	0.20552908561607233	0.19707213101912283	0.1929216903242579	0.20949151493644416
0.19139153385880997	0.20888023287084662	0.19508327361839237	0.19342752048455192	0.2112174391673989
0.19123671695383965	0.2003693825630921	0.20465311560549168	0.19164590394400616	0.21209488093357018
0.18959443946576687	0.20652472640592562	0.20339459771939325	0.19436344278990308	0.20612279361901095
0.19410138862743462	0.2068996052335113	0.19964525203485442	0.19047933587590862	0.20887441822829078
0.19533672837130775	0.20379215208874596	0.19815962847744442	0.19042365825165897	0.21228783281084268
0.20178458935560498	0.20177274256145772	0.1949682374908426	0.1934448365308012	0.2080295940612933
0.1856113466443085	0.20521451061981397	0.20219250862992647	0.19587056306881745	0.2111110710371334
0.19649387301984958	0.20402070753526885	0.19747736884685213	0.1925799256291101	0.20942812496891908
0.19420098679712738	0.2075078458085342	0.20423123460496453	0.19444663586024755	0.19961329692912608
0.19178196759374952	0.2051161698184915	0.2062839904655158	0.19168558629890312	0.20513228582333984
0.19778498224686444	0.20842064973309407	0.19887542650208065	0.189054405740065	0.20586453577789565
0.18749300844902073	0.21118467555329595	0.20480966531574862	0.19217574075723082	0.20433690992470366
0.19461186490568608	0.2025512902131176	0.20579050117471556	0.18988926475558346	0.20715707895089705
0.19675129081000428	0.20588962094766816	0.19446439779686606	0.19396942743579446	0.20892526300966682
0.1961125832316487	0.2011370848141833	0.20178271760514246	0.1892115250837173	0.21175608926530803
0.19556016861102857	0.20031166605946202	0.20558791447304484	0.18950431785282337	0.20903593300364098
0.18377044987334898	0.20330177125812854	0.20934720610057778	0.19523011644170046	0.20835045632624402
0.19677293187200853	0.20656841272694879	0.198991961333486	0.18975940962435478	0.20790728444320167
0.19739131426129902	0.20146867077928657	0.1975473827390634	0.19615499787761229	0.2074376343427385
0.20276911671227635	0.20260197755843543	0.19671558580207296	0.19368657268643144	0.2042267472407836
0.19805383679824867	0.20901744020974952	0.1934769687224357	0.19302322652506804	0.20642852774449783
0.19608712444962614	0.19975159305414414	0.2068212761519735	0.19121529674714122	0.20612470959711476
0.1921701790006882	0.20522130313720158	0.20122049002422202	0.18938242113323722	0.21200560670465074
0.20057420446911473	0.2082741678706617	0.20363036416049693	0.18876463974266589	0.19875662375706055
0.196245663474298	0.20309395069366673	0.20056163023224985	0.1894133109452004	0.2106854446545848
0.19217194923392691	0.20696831835132803	0.20891508185300153	0.18943502766032994	0.20250962290141333
0.1888692759170757	0.20831707625472187	0.20060902392221863	0.19450457054857676	0.20770005335740685
0.19072377959018602	0.20523310851309515	0.20598715848083546	0.19347133448592732	0.20458461892995586
0.19751332075147693	0.20780768039436787	0.1947216855568252	0.18871570565486925	0.21124160764246055
0.19287383598942975	0.20233592927560198	0.2042030382300623	0.19505177775309002	0.20553541875181572
0.18497634526040227	0.20583772391199362	0.20781557667698586	0.1927096303151195	0.20866072383549852
0.195206712504922	0.20984718345272477	0.19687362413937434	0.19153280453118487	0.2065396753717938
0.1958508286904357	0.19994329227940377	0.19967433940062573	0.19253725166401342	0.21199428796552114
0.19527644901053084	0.20130545400361216	0.19938419977748	0.19401631408585696	0.2100175831225198
0.20138710958395645	0.19991735523128076	0.20744604140497466	0.19130439258747675	0.19994510119231115
0.1851220604370353	0.20785265178443393	0.2055459332634504	0.19484654910396157	0.20663280541111861
0.19162205194694873	0.20244948417682157	0.20782047649838628	0.19258730209729416	0.20552068528054906
0.19130767815591743	0.20741641947507028	0.20533402739955667	0.1909934961066478	0.20494837886280762
0.19542266747268416	0.20995979207144716	0.1934175483626285	0.19645294160931687	0.20474705048392308
0.20098591862039258	0.2035733876626154	0.19868971135105326	0.19317292962985128	0.20357805273608726
0.19272660391179086	0.20842132367735478	0.19299066623540737	0.1950467115657349	0.2108146946097119
0.191820051556901	0.20944732615516898	0.20187622738436287	0.19328978573204783	0.20356660917151914
0.20136647462989726	0.20166781575015766	0.20058019371186248	0.18998329892279178	0.20640221698529057
0.19933044530346586	0.20160001541259573	0.20568986787529828	0.18987399600379098	0.20350567540484893
0.19503017515625798	0.2013621489948166	0.1979508120325492	0.19401650798954911	0.2116403558268269
0.19057947323396796	0.2105044899349834	0.20829620162055296	0.19185433242167882	0.19876550278881666
0.20102440213229406	0.2052101263240267	0.19433721845033158	0.19068101002548332	0.20874724306786413
0.19490380732474	0.20285503680636208	0.19890153421219317	0.191436990186669	0.21190263147003557
0.20043559987819773	0.2007684771708827	0.20511820035909303	0.19066895184352825	0.20300877074829807
0.19901223280994754	0.2061391156590401	0.20664625987277283	0.1890558051549779	0.1991465865032614
0.20072996420745723	0.20961138034300258	0.19317873198783184	0.19249548272721292	0.20398444073449523
0.20343998823855847	0.2001032849606028	0.20090357626771824	0.19076057052527928	0.20479258000784098
0.19513327888081167	0.20465943867132608	0.20686148345787608	0.19330362198339465	0.20004217700659133
0.2012368041451003	0.20851384688190575	0.1953706644881842	0.1930614674551989	0.20181721702961064
0.19754848789868987	0.19958175030613892	0.20060574173586787	0.19111232329768182	0.2111516967616213
0.18715726895214763	0.21062236816350835	0.20390572768140136	0.18919845520133324	0.20911618000160923
0.18416382563808195	0.21152803493864747	0.20901008883713548	0.19397201735775366	0.20132603322838122
0.19913485969448014	0.2038974741044878	0.1974758758079624	0.19243972865245057	0.20705206174061888
0.18965310026322274	0.21038343026170622	0.2058603391460347	0.1926498356464502	0.20145329468258594
0.19924282585217074	0.21029174330565753	0.20038293080005143	0.18880214834079412	0.201280351701326
0.19852422950342358	0.20509397551800934	0.19990976489564277	0.1931540389221406	0.20331799116078353
0.18445313910004713	0.2086064750258729	0.20598159418800102	0.1921794897240726	0.20877930196200611
0.2034124147552133	0.20287653169833594	0.20530128241854123	0.18886159140581404	0.19954817972209526
0.1998258651073646	0.2048443410108053	0.1948892146985298	0.1956752681598809	0.20476531102341916
0.18769327414475287	0.20905618103206677	0.2063698033456921	0.19597272060944926	0.2009080208680388
0.19383564649009374	0.2060536525661693	0.19991851428785085	0.19141432278378182	0.20877786387210406
0.19796323026336182	0.2000312183483009	0.20662290791242768	0.1907959398193951	0.20458670365651427
0.1974260433810474	0.21055347975072095	0.20104271881152108	0.19029175313267782	0.20068600492403255
0.1952066808690117	0.2064958988204658	0.197493572483727	0.1903493672491761	0.21045448057761926
0.20303746028124972	0.2024165424213188	0.1947670603300818	0.19145435321934964	0.20832458374799984
0.20085827566002393	0.20714230448705861	0.19316352601386272	0.192986730694823	0.20584916314423152
0.1985078603315285	0.2072704274772813	0.19618498383241784	0.19578325700993734	0.20225347134883478
0.1848784787193542	0.20790668220578745	0.20221687017821224	0.19654466331605133	0.20845330558059455
0.1851453586392642	0.20771554079001045	0.20569804007954434	0.1946847609396346	0.2067562995515462
0.18959106446525023	0.20861359777076877	0.19959217429505488	0.19072884671576146	0.21147431675316444
0.20220963902448583	0.20580858402827276	0.1967654351657876	0.19487138452275923	0.20034495725869436
0.19284009037745556	0.21025217087660997	0.20930392258497013	0.1892344222400684	0.19836939392089573
0.19686704321812407	0.20569880520833553	0.19636770457076624	0.1921200452378964	0.20894640176487755
0.19541677158940435	0.20844624728534852	0.19941395845022997	0.19571431702347647	0.20100870565154047
0.18860506043407493	0.20684636998043632	0.1990209836547017	0.19455316473388012	0.2109744211969067
0.19485621486924778	0.20208827623302392	0.20045859240550293	0.19043074692957948	0.2121661695626457
0.1901440750264508	0.20307477098391866	0.20534069434966068	0.1944740799346408	0.20696637970532883
0.197601103468708	0.20254608235852317	0.1930664219572502	0.19601390254163772	0.21077248967388068
0.19050955609783124	0.21146217748713486	0.2069627978869022	0.19264012683470988	0.1984253416934216
0.19543766288516437	0.2048410607540277	0.2060059005058801	0.1955168002444108	0.1981985756105168
0.19326665463215761	0.2045990205497385	0.1979566470534771	0.19647600335338827	0.2077016744112383
0.19162509230337973	0.20367176827337344	0.20407967902587676	0.19261025534241527	0.20801320505495458
0.18489781254799634	0.20875442790439874	0.2077764613287408	0.19296641218603838	0.20560488603282548
0.20297355744857387	0.20037254672045343	0.1965585013107009	0.19644737619421462	0.20364801832605695
0.19129016154624753	0.20518266160379528	0.2081049335275237	0.19183306504446912	0.20358917827796413
0.20057735062580875	0.20155416204944282	0.2048305872467084	0.19283470984223194	0.20020319023580788
0.19571240983145763	0.20451086559366488	0.19706720395943836	0.19596121611903608	0.20674830449640283
0.19309805878556538	0.20241769964643364	0.2074581376317843	0.19139015996744776	0.2056359439687687
0.18974145870029163	0.20822480666516288	0.20011931971333807	0.1916296016258215	0.2102848132953857
0.1912338177161403	0.2096105925999823	0.1952174626616438	0.19129642787221368	0.21264169915001974
0.20158183428391618	0.20365919608063543	0.19663935676000277	0.1896856311034853	0.2084339817719601
0.20025019008511932	0.20317029401274822	0.2007490590364725	0.19124392849669802	0.20458652836896168
0.19213977033363666	0.2056300016879156	0.2088601552053931	0.19147335610526034	0.2018967166677941
0.19436025444686336	0.20945831407454676	0.19337972660484887	0.1944356164292783	0.20836608844446244
0.18550958505476994	0.20970144844605718	0.20380280963629197	0.19263235551572552	0.2083538013471552
0.18798783885082698	0.20224903384899903	0.2061133057097494	0.191313491153428	0.21233633043699637
0.19226514013169177	0.21051581460598465	0.19772240469579944	0.19023830212422557	0.20925833844229835
0.18724496430302578	0.20584080386335113	0.2013807347116707	0.19548465084817196	0.21004884627378018
0.1939900889080999	0.20041207912943218	0.20172688757491397	0.19165718192968806	0.21221376245786566
0.19376874304095162	0.20964090697336768	0.2073957425815532	0.19100649621843666	0.19818811118569063
0.2010679438446613	0.20008817143856567	0.20675445847874813	0.19081597344633397	0.2012734527916907
0.1904017473682979	0.21110701037540758	0.20630688033761224	0.1930308634481948	0.19915349847048724
0.191516884994382	0.2028669394028201	0.20282020776414642	0.19409869230099253	0.20869727553765877
0.20005218836032101	0.20420944280163464	0.20277803926630772	0.19286051396689405	0.20009981560484238
0.201292610314286	0.2096946335672673	0.1944404299320246	0.1952224852709224	0.19934984091549945
0.2004501856203837	0.20051213970693935	0.2055068456791299	0.18966499802349412	0.20386583097005273
0.2013347696930993	0.21149582635329536	0.1929578430850871	0.1887828434414102	0.20542871742710783
0.18722866762469814	0.20848871373347577	0.2009705496635197	0.19603751752584594	0.2072745514524602
0.2007022529363371	0.20064172546044498	0.1945327105609735	0.19373273562364404	0.21039057541860018
0.19794320440228474	0.20423895413839946	0.20004260943456004	0.19414388767565127	0.20363134434910427
0.19039598430032179	0.20567033522847156	0.2092131804219725	0.19223329737850234	0.2024872026707316
0.20307687077657086	0.20580797031997586	0.1934411904246154	0.19425436138870858	0.20341960709012907
0.19264648525384015	0.21046292105542938	0.19430111527460664	0.19643439061934764	0.20615508779677597
0.18838849910854003	0.2015356587408889	0.2043866437881379	0.19338332065440744	0.21230587770802556
0.18871639756994998	0.2074594293485819	0.20102120626377973	0.1929704339649152	0.209832532852773
0.2006954354004751	0.20199450374065211	0.20297708077641852	0.1897067510378357	0.20462622904461833
0.18494062916762807	0.2048366884302376	0.20727267516776585	0.19057491808790675	0.2123750891464615
0.1871779817784716	0.20570115121369048	0.2064117874527775	0.19514794180891543	0.20556113774614476
0.1897352675959672	0.20320055253901811	0.2051522253817236	0.19527431686229113	0.20663763762099974
0.19467700297276985	0.20190149366434446	0.20533708567111764	0.1915280177444712	0.20655639994729663
0.20070139177092658	0.20571509597906804	0.1957752176607872	0.19253315210912936	0.2052751424800886
0.1922863745340788	0.2063008719999462	0.2030680751457707	0.19511773018412526	0.20322694813607883
0.19848927477007727	0.2069309672000177	0.19419970126686203	0.19438430086896635	0.20599575589407637
0.19729395182681506	0.20861142003011143	0.19744112857446797	0.19123289248984507	0.20542060707876025
0.19056664742912854	0.20312746074953328	0.2022756040745926	0.19134495803694465	0.2126853297098007
0.1886324694047963	0.20765266343789665	0.20739338128323556	0.19037828906223472	0.20594319681183657
0.195436567819784	0.20818909262370397	0.19546437652903517	0.18890551242062825	0.21200445060684836
0.19855584835450887	0.203287351309591	0.20738417962708697	0.18870780646759105	0.20206481424122189
0.19285927146941356	0.2074418282941004	0.196576176853338	0.1926454667103501	0.2104772566727977
0.19387364955043512	0.20994908387736258	0.2033585720095107	0.19294965655388216	0.19986903800880923
0.19866619131859867	0.20958050378769272	0.19311838544821705	0.19003588448809577	0.20859903495739557
0.20059512296365758	0.2102502124334716	0.19321996645324188	0.19590290540977215	0.20003179273985658
0.1898203504651819	0.20278211822602918	0.20574739462837827	0.1945275950840272	0.20712254159638324
0.19446034335655218	0.20517924472942087	0.20502648650805108	0.19259386502263143	0.20274006038334424
0.2018166707241472	0.20110083250777844	0.19665402252678543	0.19371868470208842	0.2067097895392003
0.20059021310498157	0.20972855334941964	0.19689029351645654	0.19359973657081375	0.1991912034583283
0.189084475951534	0.21149469100319623	0.19319122429399133	0.1962963637750529	0.20993324497622531
0.19072806893601493	0.21129619930611615	0.19700192052531182	0.19424346976001444	0.20673034147254243
0.18983694845966745	0.21150335221161104	0.20164806207574099	0.19465891640285188	0.20235272085012845
0.20103528924717215	0.2032562761977096	0.1969763044400563	0.19038939420388418	0.20834273591117758
0.18993442757376627	0.21067092581280936	0.1930439494881431	0.19656434187621113	0.2097863552490699
0.19040677196614994	0.20628036530474636	0.20275874880362477	0.19244915567241397	0.20810495825306477
0.20158879960357504	0.20807399795844855	0.1934598622552295	0.19487224119303706	0.20200509898970964
0.20153120428252583	0.20563816836517929	0.20158730350574	0.19247648322015437	0.19876684062640027
0.1835026529332707	0.20588135148503012	0.20795470171654035	0.19590911899690122	0.2067521748682574
0.1993589250919731	0.20630777794604996	0.19334284803965657	0.1951929607472304	0.20579748817508978
0.2037130804904633	0.20469933377281474	0.19844898714675585	0.19406922131971435	0.1990693772702515
0.19482218051812464	0.20245347372531242	0.20655950563217426	0.1898721480300698	0.2062926920943187
0.1960701092696538	0.21087518553590748	0.19964809896923394	0.19190743701374785	0.20149916921145672
0.19948433750622138	0.2001602718866905	0.20816346694757545	0.19051116368437293	0.2016807599751395
0.20040862382723837	0.20613846718128345	0.20035296344069295	0.18986379971395206	0.20323614583683292
0.19044026449920534	0.20876558645080093	0.20602175218282584	0.1903254381918355	0.2044469586753322
0.1859145277191511	0.20673259177321424	0.20723798175934557	0.18922126453373972	0.21089363421454912
0.19605999675401362	0.20225185470657595	0.20115912983258638	0.19345301664471867	0.20707600206210516
0.1870676938539882	0.20318566435659838	0.20293005723463534	0.19467019165497756	0.2121463928998003
0.19134304647485653	0.20854212008490536	0.19590854109540767	0.19656854056581732	0.20763775177901292
0.19835367620620908	0.20597092026814676	0.19559140225652757	0.19343073444514122	0.20665326682397514
0.19377832809416662	0.20012308300017617	0.2078160035869971	0.1895046150701551	0.2087779702485048
0.20366935097083183	0.20102919051652812	0.19375064606835388	0.19184565420851565	0.20970515823577027
0.19307803683212707	0.21043621219592804	0.20011138343719675	0.1935092152612047	0.20286515227354318
0.19464456860394455	0.1995505540813492	0.2072984852813446	0.19238594252556943	0.20612044950779201
0.19392721208326205	0.20754792520771373	0.20057077508447846	0.19037122810060994	0.2075828595239356
0.19240731931634583	0.20664883958592017	0.2041844982664003	0.19642246066899124	0.2003368821623422
0.20310189321991604	0.20215856423402934	0.19328846738781807	0.19294690026499675	0.20850417489323958
0.19206613730939048	0.20795127990823772	0.20084351426973526	0.19312763769665672	0.20601143081597956
0.19940247913871784	0.2026754483112009	0.19656411765926676	0.19158745923944132	0.20977049565137296
0.197353999108561	0.1999794300283912	0.2058538773930185	0.1915574318398822	0.20525526163014687
0.19529665103410745	0.2068262105058433	0.20585080225715008	0.19050778910013175	0.2015185471027672
0.18801533917379606	0.21117195903003272	0.193235805688951	0.195980633569615	0.211596262537605
0.18977732727424904	0.20700586172305335	0.20426955579361855	0.19538085785843595	0.2035663973506429
0.1901383244441375	0.2104474949153995	0.20147180294607756	0.19530690334688044	0.2026354743475048
0.186051469991622	0.20470875389066656	0.20744495853845116	0.19223266544361992	0.20956215213564014
0.20387853954421378	0.202322610243245	0.1981068311020405	0.19423677461648617	0.2014552444940143
0.1981409636622542	0.20083503580434975	0.20725413259477504	0.19237556432521133	0.2013943036134095
0.198556245618536	0.20684797584173553	0.20070572594079802	0.1927938012014619	0.2010962513974683
0.20405714605771902	0.20692541142517654	0.19760202969358684	0.19107648237506958	0.2003389304484478
0.1921039708036793	0.2089471151571738	0.2067212701608715	0.19133171979317076	0.20089592408510445
0.19533814412293912	0.2030876971658707	0.204623131681482	0.19382681266938473	0.2031242143603232
0.1933200067637567	0.20838279753928082	0.19438152555312924	0.19616729062342605	0.20774837952040695
0.2040208139244524	0.20032044820671138	0.20298363377482084	0.18996841066173512	0.20270669343228004
0.18695830770774793	0.20989002492896802	0.20194804048424295	0.193980132984961	0.20722349389407987
0.19379628466216384	0.20746466589408727	0.200736213080294	0.1898453012551234	0.20815753510833132
0.196858773156869	0.20932765524971264	0.20020582244758112	0.19278204507511248	0.20082570407072453
0.18621113609423284	0.20804978929869447	0.20702238271133994	0.19470476555379548	0.20401192634193704
0.19270841066096583	0.20331425956637506	0.2090687818424869	0.19170727968371426	0.20320126824645773
0.18999759526295276	0.20550587868974918	0.2091619312029302	0.19444163459536307	0.20089296024900455
0.1900486927779787	0.2097104096240609	0.19819589002658372	0.19206480857227481	0.2099801989991016
0.1966863270003704	0.20735402898084843	0.20042638249677078	0.1901182352506206	0.2054150262713896
0.20112868501558093	0.20843845027760158	0.20284435048804048	0.1887773883629617	0.1988111258558151
0.18494484545090015	0.21151163016897276	0.2030860647499556	0.19172129148270078	0.20873616814747048
0.20112304610743276	0.20188506797448372	0.19647533084511998	0.1887700813632051	0.21174647370975822
0.20382454513289497	0.20117925537208786	0.20260505890130465	0.19257668265161548	0.19981445794209682
0.1959610888278701	0.20299733659956903	0.20369083487148376	0.19004629766305886	0.207304442038018
0.19303399189557527	0.20574136160447898	0.19724441074420718	0.19500175864016006	0.2089784771155783
0.1865873581738343	0.20532594796778827	0.2046025647199339	0.195874495461353	0.20760963367709034
0.18507025478239633	0.21156416985027007	0.19672706800165132	0.19456913772103784	0.2120693696446442
0.18803695995649394	0.20887272959293723	0.20544668487075834	0.19339718098625766	0.2042464445935526
0.20017430054947113	0.20868533219116311	0.19804454763884685	0.1921320107947581	0.20096380882576056
0.18912822209584831	0.20534856379405048	0.20562082843819046	0.19222086833286217	0.20768151733904838
0.19416335244664545	0.20709677883113017	0.19612665709211036	0.19428444114686794	0.20832877048324588
0.19333223898620724	0.20416797902788592	0.19876503927537506	0.1910838817909133	0.2126508609196183
0.20094039526809646	0.20158982907063944	0.1977194008494575	0.19470067822023185	0.20504969659157454
0.19749045490321976	0.20668238879617923	0.20388032676122197	0.19241959576463105	0.1995272337747478
0.20075862745939432	0.2045446724874695	0.19772662120031315	0.19416475825980145	0.20280532059302137
0.1905035552298652	0.20942065238190175	0.19692468600325533	0.1923871706929144	0.21076393569206314
0.19891882119575913	0.20586842710179473	0.19532039459726358	0.19290715136712994	0.2069852057380524
0.20231252781120793	0.20978564862018237	0.1939964501221624	0.19081973050551876	0.20308564294092835
0.19414244261591485	0.20322033246351073	0.20258003561057134	0.19084010906011378	0.20921708024988908
0.2040563848573422	0.20033320562857018	0.19539704410592812	0.1943052460768161	0.20590811933134315
0.18932499480922754	0.2050657202596633	0.19891236463276254	0.19584127165440365	0.21085564864394274
0.1936853091109067	0.20674745764449917	0.1993155662695046	0.19071390795333212	0.20953775902175723
0.19753048888809477	0.20022696220024658	0.1994751477722685	0.195626494293074	0.20714090684631598
0.19476214238346554	0.2003504284412085	0.20282327428622268	0.19545333101352746	0.2066108238755756
0.19270841537806838	0.20002397677417647	0.20854273293897996	0.19163542660162436	0.20708944830715068
0.20219340191084528	0.2084342997482622	0.19558736515583883	0.19132803611104401	0.2024568970740095
0.1838830311006217	0.21125702837747212	0.20093236760885116	0.19368427466957075	0.21024329824348403
0.20038025483243735	0.20240490504477937	0.20338001028820696	0.19203741315522993	0.20179741667934617
0.18326934360238795	0.21000402422196088	0.20581074946545866	0.1897081068368013	0.211207775873391
0.19241967391856887	0.2008843160802325	0.20678433569123325	0.19106537713260074	0.20884629717736442
0.20179733694047178	0.20181211040809582	0.20738937829842718	0.19031953352121833	0.19868164083178666
0.1988922143753555	0.20294261492554735	0.19890420608341858	0.194399986183658	0.20486097843202036
0.19893792651230865	0.20256063033310215	0.20376035494355305	0.19347562920718042	0.20126545900385548
0.20079551596166145	0.19957525053540653	0.19892137136212942	0.1926538683286213	0.20805399381218107
0.19880832732737005	0.2041430926982854	0.19319041672172446	0.19248412829509437	0.21137403495752546
0.19033685105293582	0.20724680735091536	0.20049857170384244	0.18916617354477488	0.21275159634753127
0.2037587549469599	0.19998626795852753	0.1945389556531159	0.19656574649170788	0.20515027494968854
0.20023385546114003	0.20349630038552632	0.19639797727945535	0.18988335056999375	0.20998851630388432
0.19628681178931487	0.20541998725344066	0.20022123779012402	0.19334154717612534	0.20473041599099492
0.19812049965455544	0.20563549284115734	0.19796595458811916	0.19589954360276457	0.20237850931340326
0.19330911791449773	0.20721494864359757	0.1988120218386959	0.19258041555280112	0.20808349605040746
0.19698134101047862	0.206166647144238	0.20378702582629066	0.193756595667695	0.19930839035129755
0.19855950220091764	0.20266528818345358	0.20471612066198616	0.1954952672696586	0.1985638216839838
0.1872514717697687	0.20405910068741834	0.20864996214428588	0.19414639093388117	0.2058930744646457
0.1917595644663363	0.20805960842037324	0.19782247267209607	0.195946634221952	0.20641172021924217
0.1907987026771191	0.20204130329522507	0.20353914076337967	0.19086531915873511	0.21275553410554082
0.1998794600554552	0.2079230701254107	0.19788617519593818	0.1896450355870659	0.20466625903612978
0.19763679412165283	0.2016450261127475	0.20837235327451858	0.1900189777313198	0.2023268487597611
0.18384898325696253	0.20222021692420944	0.20749598659939889	0.19444991846962345	0.21198489474980547
0.20003835726994623	0.20848801443360365	0.19494718622015147	0.1911476783403269	0.20537876373597153
0.189041946349852	0.20867392689103773	0.19958121315579905	0.19227190661919477	0.21043100698411624
0.18461455314595673	0.2098683792153687	0.2083682072156082	0.19380640146349487	0.20334245895957132
0.1835564889644702	0.2106886938871319	0.20891181784128277	0.19321487590304248	0.20362812340407246
0.19495126185533657	0.19969396910881057	0.20549038506874479	0.19201146410286046	0.2078529198642474
0.1934263211956461	0.20880631951062265	0.1981277725171662	0.1929076843461521	0.2067319024304127
0.19245755468495745	0.2107091548404636	0.2073039578733559	0.18955616804969075	0.1999731645515321
0.18990048798812856	0.2077223295095107	0.2030726353238557	0.19587811847397146	0.20342642870453337
0.19378036211126345	0.21033413846316196	0.19753439768845654	0.19588313907701602	0.2024679626601018
0.1944869899449302	0.20863012579040158	0.19414634038402576	0.19274948757379007	0.2099870563068522
0.19516135832850573	0.20124200528596534	0.20170307145732017	0.1949174645340101	0.20697610039419845
0.1941294799768451	0.20856843687201385	0.19736256870359567	0.18910782797195536	0.21083168647558984
0.19316765254058207	0.2050451079245363	0.19626669663882398	0.1936344137486079	0.21188612914744956
0.1900847242484229	0.20142698539397202	0.20413601262287745	0.19542477985861872	0.20892749787610868
0.18895925201515912	0.20470020232138733	0.20347848439707805	0.19607031659549115	0.20679174467088413
0.1957726774623147	0.20184712549520542	0.20745940926863057	0.19193544561093695	0.20298534216291217
0.20017544934175405	0.202393593890501	0.20210873287602016	0.18998961141316784	0.20533261247855672
0.1984247178948255	0.2058937802918492	0.20375791219288136	0.19115342668457924	0.2007701629358645
0.19739399255631024	0.20195694764833996	0.19898376837754686	0.18920051779669608	0.21246477362110663
0.1925751123755351	0.20887798087019901	0.19661253410662807	0.19280957292708703	0.2091247997205506
0.1872877219189969	0.21113140880063141	0.20093029512265378	0.19176632696298443	0.2088842471947333
0.20062473791601046	0.20073458140559544	0.2009546098502056	0.19640036310508444	0.20128570772310383
0.20202510980988378	0.20743179022780095	0.1929995229094119	0.1925236703865483	0.20501990666635483
0.20348335840755652	0.2101304716143782	0.19340236704969258	0.1946630968836194	0.19832070604475308
0.20116979313556063	0.20459837406481177	0.19928253221133432	0.19009353829988465	0.2048557622884084
0.19747866181830584	0.20237643478071943	0.19877516310924825	0.19456962686953752	0.20680011342218874
0.18640025694815593	0.2036100675986283	0.2067549089980542	0.19630143636342248	0.20693333009173884
0.20191390243810212	0.21089220745266382	0.19344134878132754	0.19326333849627222	0.20048920283163407
0.18548439424849905	0.21139205130188515	0.20205205677994723	0.1887959751227566	0.21227552254691176
0.19434203232592476	0.20964043306060073	0.19300321254931402	0.1924928533690597	0.21052146869510055
0.20074953433168424	0.20149218038650238	0.20412294706853093	0.19245262494700885	0.20118271326627335
0.19375741015019904	0.21123404733836604	0.19910381167135907	0.19040526483144377	0.20549946600863186
0.19987006038556995	0.21013965262464535	0.19476720717448784	0.19610467142582896	0.19911840838946765
0.19186560182487453	0.21157618021962557	0.20060643546432397	0.1897379415714722	0.20621384091970352
0.18542755621958318	0.20551948662474218	0.20440039652353126	0.19616251270058263	0.2084900479315605
0.19225896376277615	0.20096548107540566	0.205029581329634	0.1904021742976799	0.21134379953450408
0.18621045890926935	0.20968128557301008	0.2085222039469844	0.19424591793901896	0.201340133631717
0.18751746250656587	0.20557835521816556	0.2062146892304749	0.19103653978967058	0.20965295325512284
0.1959350050212824	0.20895139205637575	0.19811208119746898	0.19494594817318928	0.20205557355168335
0.18728082701841875	0.20737371396632095	0.20884907133985778	0.19399185542758876	0.20250453224781353
0.1972492081859095	0.20786519337948675	0.19411313229981467	0.18969730090207665	0.21107516523271225
0.18582130010479475	0.2066266361417408	0.20067858449950568	0.1942731553019677	0.2126003239519909
0.18856070291434637	0.20956846653058692	0.20005581705804393	0.19264185396618383	0.2091731595308387
0.1972186444441627	0.2016037622850636	0.20185705712322416	0.19059660989455077	0.20872392625299854
0.19870231867336766	0.20066158424911798	0.20513509468745406	0.19204197152915853	0.20345903086090156
0.19044712707010275	0.2099431024200798	0.19939061140456468	0.1899612063644796	0.21025795274077294
