0.17061867537760242	0.007785006753289553	0.11467022507918613	0.0034206437892667224	0.29968868044048513	0.16892898653698846	0.10186250315057988	0.13302527887260146
0.08141248764744698	0.06915990627732996	0.047602541353657546	0.14413609789053777	0.07909479781320612	0.19817992932106818	0.19988043098164981	0.18053380871510344
0.03856489178317882	0.0773371875716582	0.09648516616376547	0.039789424783285884	0.15479855874651546	0.008579192494718571	0.506163167078262	0.07828241137861539
0.11981075424151313	0.032582223890160536	0.021563845265707968	0.08229697215751312	0.022491795113905505	0.011672159339064167	0.27710375889742866	0.4324784910947066
0.058304274603135045	0.2087021711938647	0.13823024962281877	0.04206281164940187	0.036640359985089355	0.08479607921125976	0.28300432933262176	0.14825972440180854
0.10078375832605761	0.0020090117375564237	0.017477515311337233	0.15422897249497813	0.18324102161349407	0.07210498164500381	0.04986056822559036	0.4202941706459822
0.005164157002297928	0.02222711422029748	0.6952164666191195	0.0020243078876915482	0.044315512528262796	0.05673236805405353	0.007457696088060101	0.16686237760021683
0.519436192876493	0.062133500750982354	0.04649377866872144	0.02891375461258351	0.08402203146874107	0.018117461985667868	0.1720280019563184	0.0688552776804919
0.0048533323026584	0.4198383542153086	0.0513624445661742	0.14294867827316823	0.11759415355542754	0.058414094179981405	0.12785629786577726	0.07713264504150413
0.055382919844823686	0.26925135593651117	0.1561277864010222	0.0730060822592807	0.11340373042025419	0.05685967673865959	0.06888385186718508	0.20708459653226316
0.04139859606948976	0.13378386889923025	0.04375675412268212	0.04657702209260929	0.5337672494885658	0.033258822281440684	0.16414405736093518	0.003313629685046754
0.061948412155846816	0.019873037965945833	0.09677586829053408	0.18566028112844368	0.07162474367681668	0.4592597085211544	0.04379723953514164	0.0610607087261167
0.13134436246540365	0.003401881334213111	0.10531905846835488	0.20521090574360135	0.30315829162048347	0.0015219933244736417	0.017545238141408168	0.23249826890206154
0.028799457976650733	0.20703779996473004	0.1284781886801469	0.02744982833450725	0.1688726085604006	0.19518915590387692	0.16287550078011076	0.08129745979957663
0.07532834920705454	0.03306555028953946	0.14995156076051858	0.002030243161762965	0.029987231583331317	0.3974548080510112	0.08399437085625464	0.22818788609052712
0.07308459098243412	0.0953311710011654	0.04129963448749516	0.2456085605973592	0.046199795250939896	0.4031885564531774	0.021542150378962066	0.07374554084846648
0.13766073045245972	0.05180324231187519	0.08468436202173321	0.24630654738131574	0.11378175293640821	0.008137385686874804	0.14139741113970977	0.2162285680696231
0.09045839546626205	0.09010123897641018	0.35130786348561294	0.1315417906473503	0.11239956635554346	0.07860667877055334	0.014709420002537346	0.13087504629573019
0.07971553113227411	0.2966747826620889	0.024894228151134123	0.141252236780944	0.07944792100239104	0.0019727518697515434	0.24954890022894533	0.12649364817247072
0.20805958509258046	0.038588912530215735	0.5254496699774307	0.07451585201713723	0.006720074348521593	0.02806911541916436	0.1067049812753881	0.011891809339561632
0.2213315797318667	0.15792346824821746	0.015444581418423683	0.06056337121670555	0.046302727246296985	0.3371350108344048	0.039840060711629585	0.12145920059245499
0.35881967159546135	0.26346899392232603	0.021011341064319802	0.04217611275242657	0.02255713342719194	0.1609971251394486	0.0036048166497337636	0.12736480544909162
0.0656833060209337	0.10123405528277496	0.07225064551020977	0.04799493323396764	0.04673628704137914	0.03984362931411094	0.3918671451061212	0.23438999849050252
0.1548594634205741	0.13037867427700348	0.17453888358783679	0.05889355160766144	0.2783593619961857	0.03695821568846645	0.051750201878119476	0.11426164754415236
0.1893781206282618	0.023837811866883676	0.24882955536625412	0.032374886147426965	0.012509561748739143	0.019562916290845375	0.04782894986515061	0.42567819808643814
0.2906750106142919	0.1483996705604071	0.15885727734853927	0.09640681187230149	0.11626916652977493	0.0857296438970509	0.03640055823873492	0.0672618609388992
0.01866626450589129	0.4170118968445864	0.021248580828798894	0.04101179622632481	0.06800645992233059	0.013973035235247289	0.03553344415223239	0.38454852228458825
0.18957291919536853	0.20708910196744898	0.32345556788311836	0.14436037807222812	0.020358849983327237	0.05552234414388432	0.05337884116316606	0.006261997591458152
0.10751016228794902	0.04477824141392185	0.17722030074392925	0.19159133822649388	0.028547656860317447	0.17266651332838573	0.13688227722955482	0.14080350990944782
0.12044060889221819	0.0892476406891816	0.004778040384255805	0.09181843117178651	0.030536455179314415	0.17916249311687563	0.0736773155434025	0.4103390150229651
0.0034854816809072042	0.11717478511958754	0.0445632395280941	0.19286331040723909	0.027043512579769266	0.42532478686628894	0.060309334361545425	0.12923554945656826
0.3223091736130068	0.3045948053780577	0.11574610336782698	0.021488884596854357	0.01900255411290422	0.09778679772168836	0.10325917082783964	0.01581251038182166
0.09108568077709772	0.04278964574764513	0.48108026811521953	0.027736996635911587	0.07518728691660535	0.057946901455234096	0.15099689141971062	0.07317632893257582
0.23284525463299677	0.14436247418053888	0.10848965746232397	0.25771522917518785	0.07901879370675266	0.06701008398358355	0.014606440366955187	0.09595206649166085
0.08714728121612472	0.004931871346409544	0.0555168558640594	0.08175120853960269	0.26575729069872195	0.03918241070636372	0.11657932155443372	0.3491337600742841
0.2687074558978114	0.014194926482537867	0.2628561611333932	0.012883750652451342	0.19154982785777763	0.16599478114956687	0.02621538195967535	0.05759771486678604
0.004563856186203377	0.006989561312072928	0.35781011178899547	0.251445298950808	0.1521052670858275	0.0923115126720129	0.05272241437818119	0.08205197762589841
0.04743505599051831	0.09660766598479331	0.29042114974487865	0.011601400911290624	0.18610722487224682	0.10440904281568802	0.1828968612255328	0.0805215984550513
0.3640334836623523	0.01174051358726591	0.08648684021728471	0.29494913722118166	0.04120224563012356	0.01909302316747663	0.07135658239931186	0.11113817411500317
0.033164238756203696	0.15344176982877067	0.10171717219785255	0.028926910152461266	0.2703251025038048	0.16480859578518411	0.11800477090093028	0.1296114398747924
0.12149436700684386	0.00976148814575424	0.3397386111468831	0.04492957467324775	0.0898381281403284	0.0795105195517773	0.02370853362378607	0.291018777711379
0.06674455823729253	0.0037324975153066042	0.16253602831907954	0.1349978377445027	0.041316137094809385	0.11804714385390787	0.14126283168471954	0.3313629655503817
0.44705516417065794	0.17722946225398142	0.02018336892049022	0.1445879870500559	0.007742892425149583	0.04299879865951842	0.05894944797017343	0.10125287854997281
0.06838408081519366	0.014420250265125514	0.04785134761637547	0.4543949736726971	0.0018371192416329618	0.027817346806118387	0.2600582419623787	0.12523663962047799
0.057521490353230384	0.12538898289683592	0.012325152107721435	0.07148847842668776	0.19040313280119736	0.05177348596144073	0.38247414623169773	0.10862513122118846
0.07577396911595946	0.39890060033059493	0.2694709692931282	0.011190099095378145	0.09990679581341241	0.04659052875157629	0.018501428949252552	0.07966560865069777
0.2398219999656562	0.19825061364978114	0.18686584412561416	0.1126088442363766	0.041093416861753926	0.029797285041662736	0.1042549132937616	0.08730708282539335
0.036436978927935765	0.14697788950859897	0.14345109751429738	0.054722234688904234	0.050110046314413514	0.07317376113235181	0.34133822176094675	0.15378977015255138
0.12129389825083862	0.3713283170493289	0.039464528531065524	0.0872564457932509	0.08905416994187645	0.12400091674033567	0.11276659896244298	0.05483512473086069
0.03592480232124978	0.07569447181209502	0.12566281496289708	0.400706648983429	0.13133089784466664	0.07864310638804345	0.07910195629872305	0.07293530138889569
2.875891960580357E-4	0.20066499909914726	0.10132930748496402	0.06649110914033071	0.12606247301347323	0.1325915826462097	0.1841012962418272	0.1884716431779897
0.1875578927305141	0.08447741663821888	0.11720189719391337	0.019561872931136787	0.22810293380541918	0.012122091272693175	0.10597363593290654	0.24500225949519774
0.02835931185703175	0.05539521371841652	0.38285173149891283	0.0639117001822461	0.06842402834597786	0.136790741819639	0.2161501216185812	0.0481171509591945
0.04835120571962803	0.12139403926194198	0.39802617990366007	0.002059036568820935	0.32419690568685916	0.03368841715659189	0.013622318762579425	0.0586618969399183
0.049778532973085904	0.04539747667017746	0.03911162256327126	0.06302267948701797	0.10500215230447786	0.08175230687662197	0.30849126245235126	0.3074439666729961
0.21881403370533015	0.1819697327200968	0.14017152788431922	0.10796391344435026	0.06475819475203404	0.018152891674899682	0.07182819820460458	0.19634150761436503
0.0746846308298071	0.18894255404406146	0.18776067327447532	0.006805374231402997	0.052115257690779127	0.09797504474713371	0.12821065870559176	0.26350580647674826
0.012633284041976917	0.0982137916020059	0.027219054346868304	0.3097849627714764	0.050917749678297264	0.08864479701240441	0.1636506343273612	0.24893572621960944
0.027963231993391846	0.009024281678608442	0.015798058603517212	0.15087173700121367	0.1684460569096299	0.1663390257583623	0.07678941226870799	0.3847681957865684
0.4759562444939396	0.2594614391116311	0.050743730901292694	0.04024514844137986	0.05503429746380059	0.010042692983697823	0.009874751297839338	0.0986416953064188
0.0456529878826301	0.10803286092645392	0.12498533890133028	0.28308044161910717	0.1000501342359034	0.223276026091491	0.08490302621463036	0.030019184128453558
0.1275817985589976	0.08209572805937648	0.08675583110261162	0.1329221963785567	0.06895503466372942	0.02056560840936808	0.10308317942562448	0.3780406234017354
0.16197434894867044	0.11106806537556294	0.027033598538683812	0.12735180984836303	0.13373972461996156	0.11899708490936096	0.17260449347668755	0.14723087428270948
0.0839856206772534	0.032332907443611336	0.32938580737980105	0.16686503291628166	0.2087110333571222	0.1272265744791606	0.028073357942464572	0.023419665804304934
0.11689261012262642	0.028557534765317513	0.4683498884734848	0.1193394570517159	0.13834353940220565	0.018100481865791135	0.014812311527873614	0.09560417679098476
0.0928547246680209	0.08306352791545626	0.14388572370802477	0.041297116549129154	0.06220148070867268	0.10720462824320182	0.25253592896506644	0.2169568692424278
0.15542176141065323	0.24150191664569937	0.1009114579112225	0.07565328552031675	0.04791183788548316	0.01258364090354043	0.0796004011636256	0.28641569855945875
0.13907308298674909	0.11649065992439529	0.2424402504205917	0.007942930545440416	0.034837658450650205	0.1489324608518763	0.05838483570823122	0.25189812111206555
0.014878905632562694	0.15960742845600684	0.059245029783932146	0.23930043646693025	0.31807814339069307	0.07852175852699991	0.0930130731926968	0.03735522455017813
0.1256308191090184	0.12419208304406129	0.11905234225247797	0.03571926346934126	0.19359557996819127	0.10995740978271462	0.0701412849309336	0.22171121744326133
0.17942908608774502	0.3449707414021093	0.038171592854245776	0.237755254713163	0.019688588817991556	0.05318000915453967	1.3692734761257264E-4	0.12666779962259286
0.022953276643131418	0.06791254180150365	0.052968832595396295	0.18455027927123968	0.2293425522941348	0.24542367814965305	0.15560099069138345	0.04124784855355748
0.019619923660467192	0.03374397092659584	0.3182882249847452	0.02429054399223607	0.16142357676630223	0.23693922299902787	0.08476958554791539	0.12092495112271011
0.0330108762929064	0.07143608996086243	0.5467668902052855	0.0014085130367406662	0.030786425334834208	0.24018608961509955	0.004244042857289271	0.07216107269698194
0.164327263302302	0.08861164109362957	0.13229130736637215	0.07787409667585896	0.20239974601632027	0.021265440578777106	0.2517100010760838	0.06152050389065589
0.0405155379274654	0.0296083485266012	0.07651130570726838	0.4084440061764253	0.013351880801686783	0.06393626779400338	0.13050421427011386	0.23712843879643564
0.015168835254723845	0.3010212352583915	0.09025422358651253	0.1835508630921031	0.04610282811719753	0.043535061274470835	0.28415385998318826	0.03621309343341218
0.2139071080912508	0.08329476921565737	0.16965658970993513	0.25479722398870674	0.11179135230721583	0.014732143783783971	0.030800189763000724	0.12102062314044917
0.25002332812388706	0.014985035958318849	0.3283703037712184	0.04874747113507258	0.032100396121152536	0.04812207367357156	0.1552033170006281	0.1224480742161507
0.17696038530475042	0.1283236960419032	0.1664757558210579	0.2073875718812614	0.1369453436145954	0.15406343271286316	0.02953172562368929	3.1208899987901495E-4
0.1288030345648217	0.015326544824054489	0.10105488360702175	0.07814472560247387	0.4834926228678895	0.01201380553181959	0.04860721496234521	0.13255716803957365
0.25356905194121726	0.30156865208067063	0.24073000702573097	0.0370771730611647	0.026364377568514508	0.03434269656754285	0.06489303350744857	0.04145500824771031
0.15261060160648604	0.12611053869893596	0.03905769031158347	0.00653212470780104	0.09897174672674511	0.1958593908333443	0.33080030613545564	0.05005760097964819
0.11922984687831886	0.016324357819650248	0.2386857602616294	0.24646608392737995	0.11477572548601224	0.034643413033465076	0.16143343612973746	0.06844137646380649
0.02882031242205285	0.04247699776434316	0.17738561024561522	0.12823152546715463	0.3245513486319882	0.10500569379644442	0.1883357790475612	0.0051927326248401295
0.15846303273875376	0.16185466354027644	0.018936454029140848	0.12170319789049333	0.06783924003933103	0.191176926018302	0.15631069322576582	0.12371579251793653
0.003703754196456771	0.0241383610451162	0.10335300653897406	0.020166460593830843	0.08047842398822501	0.3166402408897931	0.26387100283980824	0.18764874990779562
0.11205917048310937	0.0866179462072266	0.21324009403171887	0.07886517494444699	0.1611839164751834	0.23175594752937845	0.08604823721168982	0.03022951311724628
0.1779061469940984	0.028181654919022026	0.1869962109006768	0.14493783401905774	0.08366610234922764	0.09955916431970083	0.026881250766136733	0.2518716357320796
0.09424767866131997	0.16784878117947322	0.005615901085591221	0.009737736156113466	0.15417427934991468	0.04238349765096404	0.5097286673624034	0.016263458554219748
0.19859964545834743	0.16052835122625633	0.0933294816924857	0.05559050469491206	0.11178604170213044	0.1478956969160693	0.18687150253365484	0.04539877577614364
0.20826949276390017	0.19857596215082832	0.06981419224385652	0.10013979496394898	0.02921430448128237	0.11124576558240587	0.1673200817237122	0.1154204060900653
0.08904260142206699	0.024353440253871733	0.08410505325687734	0.06877611741895572	0.45371038198837255	0.23348474032081407	0.009769953039486065	0.036757712299555406
0.08518522557863129	0.05290196984914555	0.3619225307495285	0.16832946508542418	0.14240317208963607	0.014496418058786875	0.12894417079955522	0.04581704778929206
0.107423121734415	0.4306449324871551	0.006775091676037473	0.0423217952962284	0.11244784473284992	0.06801992810716886	0.1940310030487363	0.038336282917408815
3.7168938650999905E-4	0.140168438632106	0.010173216144188396	0.28484268469342194	0.03955313248614434	0.10338058740732536	0.24705045769616887	0.17445979355413485
0.0905422091259731	0.3192951594124698	0.06798769687817938	0.1043499883542333	0.07673787032568337	0.09004283882222855	0.23509384309451262	0.0159503939867197
0.017581171758525874	0.4180065292954318	0.17533727989451728	0.042572264392085904	0.25539023994423565	0.0313460955479347	0.059521592604337106	2.44826562931455E-4
0.08703299613768523	0.08073660774339328	0.06612285263835278	0.004171509620793712	0.44642156028988045	0.15936026006368162	0.11065728650684024	0.04549692699937252
0.08883686750745211	0.13558810204577648	0.08951797754381684	0.06856053666685644	0.1055139139650258	0.12650094462803085	0.3512710575958611	0.03421060004718021
0.08972044428158543	0.20051227770768026	0.012301295115164548	0.17274543635406905	0.31206365531569347	0.06800653580106343	0.10468179906078552	0.03996855636395803
0.07708134203775736	0.1333995473138493	0.5190773221454281	0.01809394361159425	0.034899509225346265	0.05615035545080421	0.013668145319054012	0.1476298348961663
0.06969471019217297	0.03391274777906357	0.36556120518610113	0.08763511361132265	0.05264565209699716	0.05189222804985358	0.11829660768093506	0.2203617354035537
0.05780794635344476	0.17493553133008163	0.17818305611905033	0.16317961926484087	0.0625397510280533	0.22749350672001556	0.130027265336872	0.005833323847641347
0.12961173062824102	0.03689890596936728	0.19036899008046534	0.09367279279380826	0.11910088291557117	0.08346047843130325	0.07946989560448012	0.26741632357676337
0.02494832843972017	0.006549892066358004	0.4646533059041188	0.04944821923547986	0.31761218964794813	0.09289463394695699	0.033976242782941146	0.009917187976476699
0.11143538237600452	0.21606994185774295	0.04720633373430473	0.007908983178716855	0.20902260074147483	0.006902499165842527	0.3640363618826291	0.037417897063284175
0.06685598687216954	0.022056873201316524	0.04794590130764899	0.10277105292904547	0.014212198294723283	0.0023365548793609914	0.41513763400505643	0.32868379851067864
0.008958341984575208	0.07469452460827321	0.07684166315535106	0.023841722999753096	0.037575444929350915	0.08678618918072828	0.24671682373206485	0.44458528940990316
0.19044563810692758	0.23835395757867678	0.24156818698327132	0.19606465126290118	0.024253582275991795	0.08013745190873094	0.017495513447588304	0.011681018435911877
0.18519453190782897	0.04417369786618587	0.05837076674285238	0.15806530689244985	0.2247853705460463	0.06621202679475807	0.21682274046689778	0.0463755587829805
0.11232220350142137	0.01914342309416965	0.6468391485238755	0.06841595396742843	0.03765305180516203	0.055726257538043125	0.011726261950344166	0.04817369961955542
0.012163270774073198	0.35406076549933796	0.061406172359786515	0.13589514362150015	0.02271826034096021	0.2531039689493897	0.04419446672077072	0.11645795173418136
0.1371414930721707	0.13363557115667077	0.055870094669685066	0.1361361380910185	0.13954017932896032	0.14452069120321778	0.18180733130617988	0.07134850117209678
0.218076260241769	0.01804274045355872	0.17978812537635128	0.06971271189759695	0.24572310660617047	0.12949895493822933	0.04021635198952658	0.09894174849679742
0.23469160816683465	0.12282369342117432	0.05282068392665967	0.1795651674241101	0.06226998100645775	0.14715710168048554	0.14909339400642915	0.05157837036784854
0.20392647048343499	0.06177273006197931	0.09808415634153131	0.45570529691041584	0.00935059610366755	0.14358438251842043	0.00898597105759126	0.0185903965229591
0.08525732629187305	0.01698636313590747	0.03797458173964764	0.30794467773727285	0.018931723310735768	0.10558601649527156	0.252123970528209	0.17519534076108245
0.13852622444256424	0.20889775349153722	0.1803652729296798	0.17766738667363544	0.007346575393292962	0.14376181646815608	0.11469744306059534	0.028737527540538738
0.04217592856659756	0.10899183017317451	0.17548706727097702	0.0174869191112466	0.16734521682862935	0.3084261508046375	0.07777268872552602	0.10231419851921131
0.1351526064709689	0.10313260205646163	0.12070952606474442	0.017668357098870532	0.26618130441737475	0.04855931118991111	0.30822246440199674	3.738282996717107E-4
0.06930188731372249	0.04052076859166934	0.061951780441846044	0.21966043125432094	0.2636143178824888	0.27172573852900994	0.039165752641639295	0.03405932334530301
0.007035590176453291	0.07497273776211535	0.04575891335330487	0.10926344584494677	0.0557059097576741	0.07218838494513037	0.17427943843516946	0.4607955797252056
0.035332504581333565	0.007814896164093504	0.17766304181626535	4.923858034142636E-4	0.04399540933940335	0.10052468110658055	0.015178794055368566	0.6189982871335407
0.04326829018918324	0.022283212056230253	0.3769035672278218	0.05223042316951543	0.27568591516898155	0.1405481252216027	0.0774096114101138	0.01167085555655098
0.09380374386302405	0.012222529505635807	0.22682183111403034	0.07460310056994843	0.04931595301720991	0.13999185039020778	0.2088613498270956	0.19437964171284788
0.011742260760267006	0.1011081334805165	9.663503793886086E-4	0.20831471582571626	0.1186326189827015	0.3190615848079446	0.10507735238612723	0.1350969833773381
0.07174505050873584	0.07716723816063345	0.15733968214798277	0.05438247320594444	0.07677614037564848	0.04957782689126791	0.11639739167426161	0.39661419703552525
0.014587585731160257	0.111838031878476	0.2084952037938293	0.1636058740520832	0.10535610452042815	0.07447243352295328	0.28275370774677583	0.0388910587542938
0.11012817670586562	0.2414425183247471	0.035108641066364576	0.034168018004716916	0.036452486673810486	0.07409532903659614	0.11175440681017985	0.3568504233777191
0.15766832208397236	0.09088735908216702	0.012578429956089876	0.3785978551332677	0.14898962184578823	0.14790450980871253	0.014820762903036022	0.04855313918696601
0.48376153144748524	0.27800866963645793	0.022367033490277882	0.042687419624273346	0.044447928383755234	0.021184665004234854	0.03259627403668111	0.07494647837683402
0.002150004290738111	0.07115694519978026	0.0774249179118022	0.6397345597460399	0.017142053291112444	0.14903598729724948	0.015051594288326503	0.028303937974950982
0.013743490986553641	0.08436373718859727	0.07716888999839275	0.0024945099830224193	0.052871937156992926	0.15442519364192425	0.4414035155302036	0.173528725514313
0.17359723038836128	0.026143189556628962	0.5471519383847725	0.0592746553415258	0.014890296972532843	0.07856547462614714	0.0045702778160473245	0.09580693691398386
0.030507679805349963	0.10074941429232673	0.3831875371871468	0.08928092584585198	0.09955001400101524	0.12990059840154394	0.04025622683566489	0.1265676036311003
0.14830666552018631	0.24831817939737738	0.11219128769762009	0.2973548412744332	0.029100959396008527	7.800580341238289E-4	0.14165713008905134	0.02229087859119913
0.0663336191647966	0.3327968393199534	0.05328291332902435	0.09583535708583203	0.18391431170185338	0.019279489036248085	0.02611787364152894	0.22243959672076302
0.3814263748447768	0.07656956119813252	0.01816493799570354	0.19577428282137857	0.014448313627402731	0.028659249379495544	0.05658251198244492	0.228374768150665
0.38746295899768046	0.04156417303046896	0.006114730304275853	0.24966795347595466	0.027520779339633192	0.09737527470729318	0.00934383274407019	0.1809502974006232
0.0836496179992437	0.089553929751583	0.08986731038297675	0.04618429400360238	0.05289470353250289	0.4255235846362584	0.10689314726253063	0.10543341243130197
3.438513813836669E-4	0.08708187594459216	0.06074155644614833	0.14462644667634839	0.23400308943129328	0.15330778966244826	0.01022299105641869	0.30967239940136704
0.16959575262177945	0.005948918487329327	0.09999474928963054	0.09093497595507442	0.01535165439618015	0.34116822867661334	0.2622959825997309	0.014709737973661624
0.280273232105523	0.037000734724560794	0.14207387934531873	0.006293106531808437	0.06561094188095493	0.038446639238970765	0.18012196208572118	0.25017950408714196
0.5563759383539615	0.04731055110930538	0.06641914127715698	0.1399885858187803	0.06126715606059305	0.004959083878040754	0.004970024063707834	0.11870951943845394
0.027803593293176374	0.2348172468061392	0.03631230904707722	7.732755078110054E-4	0.11960998751240404	0.15436831136734208	0.06080189019804097	0.3655133862680089
0.055455371863696326	0.15300232578402048	0.1353828373456993	0.13185554646580963	0.35039262605262517	0.0020619919798327002	0.09082483400341651	0.08102446650489964
6.196768064342106E-4	0.2579673056921337	0.20220606861864496	0.026750078945694103	0.20598285116699006	0.09316910270234763	0.01541623928099474	0.19788867678676036
0.10800897989280436	0.043866898335161136	0.1371979426696792	0.39696079937607354	0.2761053069923757	0.027038604132185506	0.004058145620751352	0.006763322980968975
0.1188766505792819	0.11601854786917447	0.0190050823471231	0.11821088060025428	0.39743416647980967	0.03746638234611327	0.15486688039967708	0.03812140937856601
0.07182426056462976	0.10343847257548684	0.11507168900443304	0.08136608473959045	0.1926257784074721	0.13992584560033525	0.005003915692086913	0.2907439534159655
0.10806676625789567	0.03211303089604178	0.3156397497739436	0.1430330931446391	0.08796876607600242	0.09665710930157881	0.0236067817014282	0.19291470284847012
0.1850944373605977	0.02966792836331275	0.15664108021050116	0.12251444666522357	0.03628781481122781	0.004536225167488167	0.21551180876108486	0.24974625866056374
0.02000198704077487	0.010771908721229143	0.14266438954032673	0.3858685999199474	0.07846064979016927	0.20444999755538157	0.15051285065758419	0.007269616774586582
0.025698558427528675	0.19261600365987003	0.17003935519785182	0.2389368419842894	0.16250406489170427	0.0916578759744059	0.003111316013685625	0.11543598385066407
0.28644286575444433	0.1622342584000018	0.007702136581108784	0.13192505620089098	0.06559195538976492	0.1260592338904923	0.17292015730588353	0.04712433647741304
0.008689768431385053	0.05115580109280872	0.012891682694663245	0.1023569647806172	0.417467619041871	0.36743871586112725	0.007539520305559447	0.03245992779196785
0.02648611922836487	0.11009782835271706	0.188844423960648	0.2657389195023869	0.06253651462920139	0.19189292153653054	0.11909272591461166	0.03531054687553942
0.010388346029071405	0.5749323896724269	0.01239804579880631	0.13309935071570897	0.011468954387122213	0.08618275824432262	0.11818448561274635	0.05334566953979507
0.0034046505734664917	0.3918305521153467	0.022625994579139427	0.1063414707426587	0.036765610859642944	0.09716674103779907	0.2440069265183131	0.09785805357363342
0.007044325224823955	0.0034905305210059107	0.30975174747224055	0.1223763853201018	0.1419775867054911	0.03206159094734058	0.05481804503261026	0.3284797887763857
0.002193025841591506	0.1005070374694288	0.05588159957807523	0.010436587277389886	0.24867446045902633	0.36831218988423203	0.05402801831490163	0.1599670811753544
0.14225885478596775	0.02472460254909649	0.0018707715089173044	0.23590257090218386	0.15933470657736956	0.30864703810758176	0.03791060440272766	0.08935085116615535
0.180148141987694	0.05096933344282217	0.3246619142549243	0.03863180992448417	0.07223395743277647	0.2747060267351972	0.01950048280762301	0.0391483334144785
0.08678569450148854	0.06435186373246721	0.03306893394483264	0.3606261100797894	0.09570199220190194	0.21087922446015	0.02301114360095427	0.12557503747841572
0.35811079408507485	0.0016282909311184923	0.03019495350233642	0.10711889276439748	0.061083054574836815	0.15856946683839507	0.20860296768706327	0.07469157961677733
0.01276604607382606	0.0697075083699805	0.4007643472804884	0.19367591373632947	0.021395791985362747	0.034347400528688815	0.025413154517969452	0.24192983750735444
0.2002075281625012	0.16716835753407427	0.0045993382757587575	0.039274326806990056	0.09026875389269068	0.13351210224475885	0.030610304788285636	0.3343592882949403
0.17818344833758798	0.2382785607634616	0.01404244345821902	0.1836841840768441	0.06898585845672675	0.0660274674510576	0.06328260881488855	0.18751542864121418
0.07917533241127256	0.14799495709039295	0.01673255351266495	0.1977426870686646	0.09236337279327744	0.14601589980278168	0.18718202404707818	0.1327931732738674
0.30525563984678056	0.024606826564714454	0.3309749434217101	0.056008775654232526	0.08411174629241588	0.09809281691358773	0.030089281113291483	0.07085997019326705
0.20688635644048559	0.04369624322104246	0.26658615849146927	0.05117410810769574	0.14172779049254614	0.041647560134620065	0.24700610732433845	0.0012756757878021052
0.12577046147893978	0.026491557792313047	0.05710981066662542	0.6616962677020503	0.008087973447883257	0.021891774802667296	0.03700400025761767	0.06194815385190318
0.3770228900202238	0.02723095981854784	0.05474684822733421	0.23632140237654758	0.022410294374919926	0.18253889083220756	0.08346825860481441	0.0162604557454043
0.11635672805183717	0.2903504586800381	0.04213131946989261	0.03177216510537842	0.09472317938305644	0.11529362034183095	0.10066256838586844	0.20870996058209762
0.2168390728460547	0.17527604239832625	0.01673704255343275	0.2155248359967278	0.11094604715930916	0.026326529701406143	0.021203054220570394	0.2171473751241725
0.13213679102489118	0.12566671271213778	0.2223244101278028	0.05405608475979856	0.14072814920709173	0.06541071797644325	0.17819549815011804	0.08148163604171646
0.3617707567226851	0.0532469216208558	0.014879270034626482	0.11624981957608944	0.040727633615090755	0.048038022691558865	0.19874600242439547	0.16634157331469784
0.0591590178130421	0.14598006805452102	0.08969232423323545	0.10144950911723173	0.3121402786083637	0.14776282202894936	0.029458050608896003	0.1143579295357604
0.011617281337491278	0.23655736839917746	0.01079010869294715	0.12720195395633607	0.49284610018202446	0.054151445463773554	0.013806175305350568	0.05302956666289936
0.27499382860649335	0.20215600430958144	0.001301548894445878	0.1165222842840279	0.09655481683887096	0.12023889945966053	0.14435232421144853	0.04388029339547116
0.13081907625732808	0.3145682225905969	0.05997881997853227	0.09075987156176764	0.09926847303222779	0.1335946445440045	0.019250878149242256	0.15176001388630042
0.24137046869896356	0.3774659039880045	8.671844786715122E-4	0.026408866137532475	0.002272432458277046	0.07069499921145253	0.12893507108740976	0.1519850739396884
0.01795662192433664	0.16638430789369457	0.042924107793126165	0.2103429822381078	0.06379540540543455	0.037756503783866774	0.1343031408792064	0.32653693008222695
0.1551161921279573	0.018975946013952402	0.056637935996677144	0.01129995198831972	0.36254458948124446	0.03799072116766675	0.0708827909120549	0.2865518723121271
0.02711479608094486	0.4628868621353829	0.1207559957082412	0.03398896388998633	0.07016841113949607	0.15068463462697315	0.08425730791116334	0.050143028507811965
0.09525284975260342	0.039249372268806246	0.05748516373830952	0.21776641512716727	0.07206320046730143	0.19149780143676157	0.22773582618552982	0.09894937102352051
0.10429636320130252	0.1500528226240077	0.020764918236322275	0.032129938754809295	0.23392895437157535	0.24209110004853465	0.033745673590973566	0.18299022917247446
0.05228011494179646	0.1899889374644113	0.2152103698908931	0.2580800359309666	0.186037113430668	0.011561344652856076	0.07646795498345152	0.01037412870495677
0.09092355155527054	0.011920265552249176	0.07826927104077741	0.06035770099680131	0.045271559403444614	0.20238725652783773	0.35485035447650143	0.1560200404471176
0.05178521049950753	0.2363894700286725	0.06227261575567862	0.1437720379426395	0.04151057303780041	0.040578741325060855	0.09342731298571164	0.33026403842492874
0.18277468256065288	0.06145549746439552	0.33699877062538536	0.06996358085206136	0.004236017983639151	0.14314160972582066	0.022970115569106192	0.1784597252189386
0.16409489062909122	0.02939685548449096	0.11692754571662844	0.2510563538384002	0.1777993911955374	0.06299500998175403	0.05985784297056204	0.1378721101835356
0.001307137469941877	0.22346853056102245	0.07395018752517646	0.006149296488498088	0.3726874044291302	0.19060116678854755	0.0245223715849347	0.10731390515274859
0.050044029964006614	0.3294384879124581	0.0011357288352732559	0.12162715471751157	0.039312638874188	0.07486575804866023	0.3110963962408759	0.07247980540702613
0.27546942759399573	0.00829973957059578	0.06856608530432619	0.15065150911375685	0.11628340835177751	0.028294901231473463	0.2783113044970189	0.07412362433705522
0.4089965063559332	0.024659366007017	0.007969821318764503	0.16713580986312895	0.008446938623005579	0.09938402413949077	0.09473449018228004	0.18867304351037967
0.026382969833702016	0.19022538792037114	0.08204336007513444	0.030650527372665715	0.19053343658398475	0.036883456734789447	0.3247527157087876	0.11852814577056464
0.13527084774087716	0.09408971836279977	0.03591399856361158	0.0020408071006947914	0.2003121429305733	0.4049187101516101	0.11067986411422084	0.016773911035612196
0.09172913366204068	0.154539487661482	0.09182453524567254	0.39996199874873783	0.09142012242578375	0.008894849794825924	0.05922930819692854	0.10240056426452851
0.01197265774287841	0.15068597081165455	0.1754258160417163	0.08507814242369409	0.04678481975183775	0.45545953801780237	0.005688267230004568	0.06890478798041184
0.0037491186123381065	0.057800472890739446	0.12952205878567374	0.2462258769961312	0.09086296668949159	0.055806443017064944	0.390828947656348	0.025204115352212814
0.31923240572921097	0.021130733902288562	0.024975994334932333	0.044169185775731895	0.375159075273909	0.013924756636931379	0.1600650764512333	0.04134277189576216
0.032490087203670304	0.0286017166232604	0.2705013268397902	0.003969925741090896	0.10667062018556855	0.24517975558733357	0.007736715885619125	0.30484985193366665
0.31171692213487545	0.03396226353791962	0.22305088072153512	0.0598726592770714	0.037693846763088706	0.05076132499858077	0.14470935696595044	0.1382327456009782
0.15241308570941825	0.18070122545862816	0.16345455671711032	0.11115038201232416	0.12392035130983735	0.0626876980776006	0.041374959764115135	0.16429774095096583
0.037197866252635894	0.49503411628203897	0.013657232331641525	0.03316028269558613	0.1957374805769135	0.09577042395961502	0.09894693580821218	0.030495662093356607
0.03306241533422383	0.28229211692283623	0.20468210283295935	0.12955404652641547	0.029742523071284027	0.1967865872337943	0.003589718804525327	0.1202904892739612
0.05030896060751483	0.09384944986710686	0.006019162347881954	0.14892802843789105	0.2850206196560356	0.12777073894266433	0.2036937534682427	0.08440928667266252
0.03211857303778856	0.0146565715977124	0.167753796761462	0.21758127095432644	0.0749008765785526	0.20049037606094822	0.17669574969253252	0.11580278531667709
0.09678660988709523	0.4069553738275583	0.09022985565392357	0.047473161411520484	0.06184810344971821	0.10040298231248754	0.017206555924749317	0.17909735753294706
0.3117818354316461	0.057284346085598195	0.014208739244645899	0.3849775373079609	0.04488626185737342	0.11041036630219356	0.055828543279781734	0.0206223704907999
0.12338849963546773	0.042287890588421403	0.07894353572630816	0.13273093599175168	0.3156410048828037	0.09717036674381384	0.15700025768314163	0.05283750874829157
0.008875163305587436	0.3182662330664161	0.06455825129175526	0.16517594818908493	0.17318174246572876	0.2462651271768525	0.014114188396945393	0.009563346107629364
9.415255698708991E-4	0.2412204413930399	0.05497866039751964	0.2591608006287771	0.14220105873176708	0.059083969044991774	0.17660635840344707	0.06580718583058628
0.07325116280655865	0.27715191181249066	0.06270563713831886	0.3831706688983011	0.0057282086101330815	0.1514767925017425	0.02098543871161071	0.025530179520844187
0.11107437156734962	0.059719463904380335	0.003969998219277043	0.3634650708869548	0.10446583051699537	0.07497983096244705	0.22931606520140635	0.05300936874118922
0.12623612104830226	0.17010136576512497	0.019893994277043553	0.20978952407131093	0.16499116043346168	0.20060229046904976	0.06236454399918742	0.0460209999365192
0.3312232512354584	0.09432059344836366	0.033567721089581615	0.23827380217913538	0.03967730173861844	0.08707345992973833	0.13224681240151837	0.043617057977585444
0.02986126924809572	0.08723171603450548	0.08111423171895396	0.20698245340291166	0.1528578261869003	0.23369440010768283	0.02678027474670007	0.18147782855424976
0.2770907961965672	0.10976310310104775	0.16944854868702905	0.2110931880111107	0.02663016717379417	0.15801158392325684	0.006586065211226774	0.04137654769596728
0.10631583753888446	0.0585989788723907	0.39507908388937907	0.06957239381509253	0.021364971841094968	0.1908358472927324	0.05885230782985783	0.09938057892056792
0.037017324799950097	0.028836157532421608	0.053908677575784714	0.22958749205171824	0.016343083987787374	0.04072478401741715	0.32782584295275485	0.2657566370821657
0.1022534097583786	0.5134356419886356	0.07483725617644846	0.011402952079680562	0.05510289676912372	0.11986443676036491	3.614245917825387E-5	0.12306726400818958
0.05463728752132811	0.03615200307642637	0.03470202602009555	0.45990028104056613	0.13545932687520704	0.04833191978172249	0.03577550147812043	0.19504165420653366
0.07661556412875918	0.011478795087664834	0.021689663674411386	0.010028985000566093	0.10964709332948358	0.270215932936936	0.15730874118126484	0.34301522466091394
0.3542403914874611	0.048930400635597046	0.10691622901444113	0.11194276548132402	0.14615250328764373	0.20390668236971943	0.0175946206142423	0.010316407109570935
0.12831645566080563	0.020477149548429496	0.02076614155389253	0.014846190263220094	0.26435658427500497	0.15273394207570687	0.11295244291331849	0.28555109370962173
0.07726326737856068	0.12817237959985178	0.3770733599458931	0.008741933967853568	0.1949095019225498	0.10471521005051967	0.06521998052165681	0.04390436661311439
0.16707677611927485	0.019681282831521096	0.13321865112945172	0.07951966855001964	0.08498210239164514	0.10291119674938792	0.33950815005659496	0.07310217217210445
0.14793595340467167	0.0600336746510501	0.051465028621225276	0.025772512786311347	0.2248530475627308	0.0890708167659056	0.2904940787485287	0.11037488745957633
0.2217247714378493	0.013392387968938768	0.002362076795685439	0.053203339506200764	0.1919659399105571	0.2049052516056204	0.10025530904007982	0.2121909237350682
0.2478204726646996	0.07017663818530626	0.12489362438028555	0.15683360109064914	0.057322669514039526	0.04397321905898913	0.12219094706656246	0.17678882803946805
0.06337636288846295	0.01438540428793443	0.16296183020378835	0.1362384439394119	0.019691082664796994	0.1515386023801351	0.421824430424929	0.029983843210541095
0.04753744476372593	0.07154289759831908	0.37469302193309123	0.07593341689640576	0.013257386863127996	0.2328230088289917	0.046250413736473	0.13796240937986512
0.07182501156345769	0.030163446576939895	0.07792570636364661	0.15592579152582817	0.018713485072224367	0.004619450253710383	0.38176330752652765	0.259063801117665
0.0044570549818430255	0.07423274427056026	0.25990318316190747	0.14427313936787756	0.1713610597031148	0.23521542047853444	0.02134538068136585	0.08921201735479638
0.15617017404589817	0.18694213662617865	0.4202842116896327	0.13773439112909022	0.02039728125315858	0.06100232056953271	0.004877944277436139	0.012591540409072552
0.011393918185150148	0.092072100511735	0.0072603689565211155	0.24328631922561633	0.08797522965808235	0.03207571306269941	0.4537371022774337	0.07219924812276177
0.3311603343213646	0.11328322372270941	0.041735713084794526	0.003726614901285022	0.023235628827849117	0.019108273253138533	0.2724327982650312	0.19531741362382732
0.2976235199322309	0.11832489686968214	0.03298933993324578	0.014685560762165428	0.04159170679363096	0.0744394380902102	0.18161019390231598	0.23873534371651836
0.3073880303564338	0.0727149381332362	0.04965443356807728	0.0711742680234996	0.10746030898946533	0.037868898795059266	0.18980099547565965	0.16393812665856858
0.29167969416622996	0.04302299236813763	0.2687879563230897	0.1371721946018178	0.04908343319898491	0.03046588061368599	0.12682936849192578	0.05295848023612802
0.04040425148765486	0.20031784388123908	0.04629541452986945	0.12857064362372986	0.2521144679776799	0.22263360681118372	0.06223213534310616	0.04743163634553678
0.1664365591143026	0.09614615297140179	0.07347154460698181	0.19849381188968707	0.17492356421844302	0.15951014714927464	0.052517689992377145	0.07850053005753167
0.04779941817986613	0.03856092223795382	0.08264529752985136	0.5199534908369153	0.014168129630360904	0.06310353734415086	0.1033756298721611	0.13039357436874027
0.01723872226959748	0.006889964888115149	0.08707801045667403	0.09386557535532752	0.3850295832009548	0.3551393113713992	0.04808066033429591	0.006678172123635653
0.09069030710058829	0.014706584568868308	0.18609052564444986	0.06386945119999754	0.23701594800641368	0.2848595304428686	0.11662280619911679	0.006144846837696755
0.06745065937795319	0.08950819606649638	0.030298457282560823	0.2389891173701243	0.05659262893284479	0.1082759855779643	0.2946243107673049	0.11426064462475106
0.014424010647318158	0.12786941452338288	0.31562638586601655	0.18029401752166777	0.007905309135101596	0.16786860281383525	0.1810677952893699	0.004944464203307769
