0.3333379199550985	0.33316203548117995	0.3335000445637217
0.33344600915718037	0.3333001604862253	0.33325383035659445
0.33333501978873925	0.33325308305010376	0.3334118971611571
0.33344534300025347	0.3331767598851048	0.3333778971146418
0.33340359988174856	0.3331635956782981	0.33343280443995343
0.33329367009035843	0.333357538221963	0.3333487916876787
0.33326850496727284	0.3333215231509143	0.333409971881813
0.3332785857090976	0.3331759053548508	0.3335455089360517
0.3333965888432755	0.33325664410753403	0.3333467670491906
0.3334564158946831	0.3333396651350052	0.3332039189703118
0.33329825282054704	0.3333635638202253	0.33333818335922777
0.3334063477894636	0.3333734870385511	0.33322016517198544
0.333329167544466	0.3332267395606112	0.33344409289492283
0.3334284074777858	0.3331717478161554	0.33339984470605893
0.3334326699253071	0.3333628560906858	0.3332044739840072
0.333267880432874	0.3332266885291927	0.33350543103793345
0.3334128555729092	0.3331713265622393	0.33341581786485164
0.33325157966354363	0.3332208368691009	0.3335275834673555
0.3332492473281963	0.3331413130619689	0.3336094396098349
0.33325994170785833	0.33335990588285425	0.33338015240928753
0.33345725973487483	0.33315450571161614	0.33338823455350913
0.33322934924874004	0.33319543485467734	0.33357521589658273
0.3334078952051499	0.33325401107694175	0.33333809371790846
0.33334525581183044	0.3333747444200349	0.3332799997681347
0.3333969263488132	0.333135947088102	0.3334671265630849
0.33323842295110717	0.333233117372225	0.33352845967666794
0.3332671198754619	0.3333666810613376	0.3333661990632006
0.33335781031264394	0.3332161993683064	0.33342599031904974
0.3333887242892839	0.3333189790162055	0.33329229669451077
0.33342740503560225	0.3333333676163679	0.33323922734802996
0.33321374628897094	0.3332092746319487	0.33357697907908046
0.33327315289457893	0.3333421517095146	0.3333846953959066
0.33335757284730627	0.33328362653569205	0.3333588006170018
0.33331298346521004	0.333152169780075	0.33353484675471506
0.333250109350785	0.3333455226273429	0.33340436802187223
0.3332420264914018	0.33321821790973827	0.33353975559886
0.33328757808706516	0.33325339034604123	0.33345903156689377
0.3333766530409241	0.3333354641185202	0.33328788284055577
0.33343139339393846	0.3331435862672744	0.33342502033878724
0.33335047444365806	0.33318106903249717	0.3334684565238449
0.3332746475227221	0.33336431960846435	0.33336103286881363
0.33342701737360714	0.3332444021753771	0.3333285804510159
0.3332405107359901	0.33327195457018843	0.3334875346938216
0.33341448886037484	0.33324414357039805	0.3333413675692273
0.33338413052565813	0.333175555158728	0.333440314315614
0.33333017486530514	0.3332241379673349	0.33344568716736006
0.3332638128810618	0.3332900495578411	0.3334461375610972
0.3332126527255867	0.3333529098027613	0.33343443747165213
0.3334555531882751	0.33313976198428774	0.3334046848274373
0.33341911719545236	0.3331802328471337	0.33340064995741403
0.33327599781117445	0.33315171166630625	0.3335722905225194
0.3333262007435901	0.3331583953267873	0.33351540392962276
0.3332296538684866	0.33322992328034234	0.3335404228511712
0.33328034758078107	0.33314677332286546	0.3335728790963536
0.333440758802693	0.3331665980304758	0.33339264316683126
0.3333064943714181	0.33323358754937205	0.33345991807921
0.3333703863862839	0.3333253331830973	0.3333042804306189
0.333378930204883	0.33336954955827564	0.33325152023684146
0.3333778756912131	0.3332609559026852	0.33336116840610186
0.33346153194678796	0.33332279390218505	0.3332156741510271
0.33337535929118567	0.33324699322060103	0.3333776474882134
0.3334262481889876	0.33320174726285723	0.3333720045481553
0.33328262039494555	0.3332685749674331	0.33344880463762144
0.33321097591024745	0.3332643397661249	0.3335246843236278
0.3333895547492071	0.3331428637747463	0.3334675814760467
0.333378800586805	0.33329801981927304	0.33332317959392205
0.3332395883292156	0.3332078386688793	0.3335525730019052
0.33344982283947827	0.33331313710947363	0.3332370400510482
0.3332267750765439	0.33332037450271496	0.33345285042074124
0.333341168493581	0.3333646536828078	0.3332941778236113
0.33332768675086655	0.3332005582606861	0.33347175498844744
0.33324209761144324	0.3333240963496815	0.3334338060388753
0.3333654971097944	0.33338011885680946	0.3332543840333963
0.3334118077077767	0.3331720579315726	0.3334161343606508
0.33345872311299274	0.3331349081983362	0.3334063686886712
0.3332807590185796	0.33313757230287205	0.33358166867854844
0.33343618106316153	0.33323607640124087	0.3333277425355977
0.33338813356251734	0.33335487145675097	0.3332569949807318
0.33324291457026534	0.333258409418834	0.3334986760109008
0.3334349551246548	0.33325628539933255	0.33330875947601274
0.33331061109735205	0.3333693903118984	0.3333199985907497
0.3333387186965118	0.3332305945947916	0.3334306867086967
0.3332062159514416	0.3332430564926251	0.3335507275559334
0.3333744350564268	0.33320440928560113	0.33342115565797215
0.33343673743767055	0.33331983893914824	0.33324342362318127
0.3333831818531264	0.33335807164862263	0.3332587464982511
0.33327071917820483	0.3333747897990579	0.3333544910227374
0.3332433576335075	0.33337386169446886	0.33338278067202376
0.3334198709427686	0.3331329861008297	0.3334471429564018
0.33332506917900867	0.3332408933748868	0.3334340374461046
0.333446880440542	0.3333251583860277	0.3332279611734304
0.33321713888964666	0.333323330911903	0.3334595301984504
0.33331945045594175	0.3332846640757591	0.3333958854682993
0.33331622482388296	0.33322294924275997	0.3334608259333572
0.3334164024294885	0.3333024751479857	0.33328112242252583
0.33331871596789775	0.33322381738379203	0.33345746664831033
0.333390524640992	0.33325925933900463	0.3333502160200035
0.3334289927116727	0.33316351667857735	0.33340749060975006
0.3334569077087814	0.33321985921410324	0.3333232330771155
0.33321762722800147	0.3333596343690801	0.33342273840291853
0.3334085029082814	0.333256846233354	0.3333346508583647
0.33328714551757954	0.3333439803189773	0.3333688741634433
0.33324861720141813	0.33327163785093256	0.3334797449476494
0.3332661226128838	0.3331440696646937	0.33358980772242264
0.33323336846063856	0.33335393888525944	0.3334126926541021
0.33332156106168126	0.33326526600107564	0.3334131729372432
0.33335977119703863	0.33335219144243144	0.33328803736053003
0.33338661161420946	0.333379799015086	0.33323358937070463
0.33338349493248637	0.3333212382361279	0.3332952668313858
0.33337879701169604	0.33320555222029324	0.33341565076801083
0.3334244386635175	0.3333747169279743	0.3332008444085082
0.33329867729464346	0.3331997837174239	0.3335015389879327
0.33320655497722224	0.3332064583707827	0.33358698665199515
0.3333786040315893	0.33336964344387415	0.3332517525245366
0.33335802428411254	0.3332758600311309	0.33336611568475666
0.33321428112167717	0.3333565435513731	0.3334291753269498
0.3332583442399525	0.3331779816035918	0.3335636741564558
0.33322591339117086	0.33323316810414266	0.3335409185046866
0.3333397050649434	0.33328542339314593	0.3333748715419108
0.3332156160751209	0.3333647837044676	0.3334196002204116
0.33326835020597195	0.33333747001079567	0.3333941797832325
0.3333008291707078	0.3332881846305207	0.3334109861987716
0.3333496090945361	0.3333636662693723	0.3332867246360917
0.33333838904930124	0.3333514816452249	0.333310129305474
0.33320635891637385	0.33334011126555746	0.3334535298180688
0.33326556544408337	0.33334879914083804	0.3333856354150787
0.3332206220575728	0.3333376873627448	0.33344169057968254
0.3333904948261138	0.33329389795340675	0.3333156072204795
0.33320757510907123	0.33327494926966306	0.3335174756212658
0.3333376265961356	0.33324001314259477	0.33342236026126976
0.3334542475731531	0.33321830770817135	0.33332744471867565
0.33341427157712733	0.3333442653034861	0.3332414631193867
0.3332937091553178	0.3331810025873921	0.3335252882572902
0.3334115871342353	0.33315635761807333	0.3334320552476915
0.3334158960306913	0.33315107678414874	0.33343302718516005
0.3334089705216142	0.33321091171883727	0.3333801177595486
0.3332930695804427	0.3332781819796446	0.33342874843991277
0.33325515001812756	0.3332682872219277	0.33347656275994486
0.3334670200332648	0.33321944935925485	0.3333135306074804
0.33340729798054614	0.33322021990021716	0.3333724821192368
0.33342219834043807	0.3333101437834527	0.33326765787610935
0.33327636580979353	0.33332173822316263	0.33340189596704395
0.3332894327539132	0.3331653122964315	0.33354525494965537
0.33325554297877197	0.33319591745876154	0.3335485395624666
0.3333100531480927	0.33325176695285963	0.3334381798990478
0.3332583591101203	0.3333445993164832	0.3333970415733966
0.3332094688500952	0.3331942889549603	0.33359624219494466
0.3333000967385168	0.33322535823857047	0.33347454502291285
0.3334214229934402	0.3332726673013567	0.3333059097052033
0.3334444655974464	0.33334333255510395	0.33321220184744976
0.33321756895762844	0.33318972622208637	0.33359270482028536
0.3332224140650422	0.33330335681317025	0.33347422912178765
0.33337971723658233	0.3333363357291	0.3332839470343178
0.3332741705666911	0.3333351110481004	0.3333907183852086
0.3334500597279372	0.3332375706628398	0.3333123696092231
0.3332660545326761	0.3331973654334048	0.3335365800339192
0.3334141006353864	0.33318291388129573	0.33340298548331804
0.33335581881441995	0.3331968554999431	0.333447325685637
0.33324941047680506	0.33319793824852784	0.33355265127466716
0.33334872683596656	0.3332540267928174	0.3333972463712161
0.33323634429377463	0.3332320597977463	0.3335315959084792
0.3334333247280972	0.3332184576538069	0.33334821761809597
0.33345166769488144	0.33320794888333316	0.3333403834217855
0.333235623462848	0.33335312862845273	0.33341124790869936
0.3333803949138261	0.3333558648013791	0.33326374028479494
0.33337207226550347	0.33336850299151066	0.333259424742986
0.3333789068803511	0.3331531413719216	0.3334679517477274
0.3334599618475658	0.3332934634767163	0.333246574675718
0.3333021602345689	0.33320356326641637	0.3334942764990148
0.33338267879687705	0.33323808593870086	0.3333792352644222
0.3332343169631036	0.3332603057916632	0.3335053772452332
0.33346676011027593	0.33322855669696994	0.33330468319275425
0.3334240609629579	0.3331833729750969	0.33339256606194523
0.33335656617472104	0.3332322256501144	0.33341120817516473
0.33320788093058157	0.3333845486462991	0.33340757042311947
0.33341056230968213	0.3332944429037443	0.33329499478657365
0.33327550803443146	0.3333001677066375	0.33342432425893115
0.3332940458205005	0.333343480861394	0.3333624733181056
0.33339054783794714	0.3331294903608933	0.33347996180115974
0.3332801417790904	0.33328213116922584	0.3334377270516839
0.3332865472550218	0.3333275021711964	0.3333859505737819
0.33322499034798575	0.3332038175197426	0.3335711921322717
0.33340717115785384	0.33321694539858665	0.3333758834435596
0.33329150849656675	0.33329853336233184	0.3334099581411015
0.33342851505075005	0.33315303005733726	0.33341845489191274
0.33332693413519265	0.3333183716093397	0.33335469425546777
0.3333704956681667	0.3332596052529841	0.3333698990788493
0.33346263693804024	0.33320429268115254	0.33333307038080734
0.3334314450756964	0.3331847368480291	0.33338381807627465
0.3334087462695065	0.33323443306892675	0.33335682066156685
0.3332468241772911	0.3331712843965943	0.3335818914261146
0.3334108241891871	0.33336002483290983	0.3332291509779032
0.33338074918997496	0.3332627873255818	0.3333564634844433
0.3333412527919575	0.33326432821990215	0.3333944189881405
0.33337238743647596	0.3331406798564989	0.33348693270702523
0.3332925067898822	0.3332529749191942	0.3334545182909237
0.3334499200452316	0.33314454272880195	0.33340553722596655
0.33345231069466835	0.3333307681957192	0.33321692110961254
0.33329933598729006	0.33326429987966605	0.333436364133044
0.333369796985944	0.33328780223405663	0.3333424007799995
0.33339415447377896	0.3332779353391311	0.33332791018709007
0.3332721593023739	0.33327085271927215	0.333456987978354
0.3333832134457935	0.3333014086693291	0.3333153778848775
0.3333567578194509	0.3332712506924934	0.33337199148805585
0.33334880752303364	0.3332732814634981	0.33337791101346836
0.33328349187407796	0.3331746532210034	0.3335418549049187
0.3333703405748243	0.3332080182300716	0.3334216411951042
0.3332131848252227	0.3333625856190086	0.3334242295557688
0.3332057369251973	0.3331786068149092	0.33361565625989364
0.3333180035440219	0.3331698468281929	0.3335121496277853
0.33328219324539843	0.3331903971682698	0.33352740958633187
0.3334594417604264	0.33313473605454214	0.33340582218503156
0.3332457907560459	0.33332655366922037	0.33342765557473386
0.33336745939506074	0.3332058679576815	0.3334266726472579
0.3333372353455729	0.3333138229836643	0.33334894167076295
0.33341384252790746	0.3331641999998225	0.33342195747227016
0.33333428867041087	0.3331680862645413	0.33349762506504793
0.33321551271620314	0.3332773384054651	0.3335071488783319
0.33346085865222547	0.33313039421618124	0.3334087471315934
0.33335386406749223	0.3332290148111875	0.3334171211213204
0.333440377725371	0.33313075973223194	0.33342886254239723
0.33338004767782325	0.3333715655603338	0.333248386761843
0.3332245482421295	0.3332527982001285	0.3335226535577421
0.33343193874167326	0.3332662782532625	0.33330178300506436
0.33341931811077163	0.3332641698363999	0.33331651205282853
0.33329892552985513	0.3331765860317715	0.3335244884383735
0.3334290246081876	0.33335440816209827	0.33321656722971427
0.3332410849154704	0.33316514787830254	0.3335937672062272
0.33332938655621314	0.3333580740630844	0.33331253938070254
0.33326434469241634	0.3332494124274362	0.33348624288014755
0.3332497299609768	0.3333201080153117	0.3334301620237116
0.33346547652367436	0.33322329764698344	0.3333112258293423
0.33331876649454806	0.3331339058305421	0.3335473276749099
0.3332721819278715	0.33316982249155547	0.3335579955805732
0.33321667149502854	0.3332037943733927	0.33357953413157887
0.333205593109688	0.3331984434809561	0.333595963409356
0.33343787148117454	0.3331952533877949	0.3333668751310307
0.33321221127233486	0.33334807638058395	0.3334397123470813
0.3333807457103751	0.33327507701799514	0.3333441772716299
0.33339491783551617	0.3331843691723735	0.33342071299211046
0.3333937078793567	0.3332363286329151	0.33336996348772835
0.3333425045924594	0.3332660532386253	0.3333914421689155
0.33345818171269126	0.33326569242138643	0.3332761258659224
0.3332612588908158	0.33313971078941257	0.3335990303197717
0.333348733621273	0.33334937064012515	0.33330189573860197
0.333453801982896	0.3333032925543824	0.33324290546272173
0.33324818529115646	0.3333518604748971	0.3333999542339465
0.33336033665741505	0.3333655611685518	0.33327410217403325
0.33332353662400055	0.33324752204962554	0.333428941326374
0.3334283608407199	0.3332611339228289	0.3333105052364513
0.3334141607696113	0.33331216454386475	0.3332736746865241
0.3334150946588257	0.3331751284920277	0.33340977684914674
0.3332339622759429	0.33320966160256976	0.3335563761214875
0.3332184824055724	0.333174695067745	0.3336068225266827
0.3333585118788721	0.3331864621258647	0.3334550259952632
0.3333687217830251	0.3332384891310889	0.3333927890858861
0.3334462295023747	0.33330332234291105	0.3332504481547144
0.333430543010332	0.3332063762392168	0.33336308075045135
0.3333009457434597	0.3333041005450228	0.33339495371151767
0.33321222428753094	0.3333067089299416	0.3334810667825276
0.333400560107852	0.33318399352887235	0.33341544636327575
0.3333707799401836	0.33328208010130805	0.33334713995850845
0.33328938456582463	0.33327258349101807	0.3334380319431574
0.33332270990768054	0.333230078873197	0.33344721121912263
0.3332236765591711	0.33324812656775643	0.3335281968730725
0.3332777824484194	0.33324745662362015	0.3334747609279606
0.33321074174071236	0.33334978337673987	0.33343947488254794
0.33345684577225676	0.3331498656886203	0.33339328853912303
0.3334372026291819	0.3332787375801783	0.3332840597906399
0.33344081650536683	0.33335299159482124	0.3332061918998121
0.33340403477702646	0.3333761509570658	0.33321981426590785
0.3333260062918375	0.3332414455648966	0.333432548143266
0.3334616671703367	0.3333081405574105	0.3332301922722529
0.3332488303740462	0.33315975094866385	0.3335914186772901
0.33324766375983744	0.3333640235445933	0.33338831269556934
0.3333215055578216	0.33324846656752427	0.33343002787465426
0.33342657972398965	0.3331474074187429	0.33342601285726753
0.3334212514093631	0.3331834333999477	0.3333953151906893
0.3333860282108936	0.3333210066650688	0.3332929651240377
0.33345474986593204	0.3331647854957373	0.33338046463833076
0.33321274056351047	0.3332914752391869	0.33349578419730275
0.33338812386703987	0.33328544622745215	0.3333264299055081
0.3334309268057525	0.3333273499979952	0.33324172319625245
0.33326242420687074	0.3332151545763501	0.3335224212167793
0.3333651805057888	0.3331941561729633	0.3334406633212481
0.3332609408381521	0.3333006443688933	0.3334384147929547
0.3333064625685463	0.33332620136603486	0.333367336065419
0.3333799809799262	0.33326813593209126	0.3333518830879827
0.33331929885032413	0.33336619691128644	0.3333145042383895
0.3333198739369286	0.3331755240101962	0.33350460205287535
0.33329758717317304	0.3332859897892143	0.33341642303761276
0.3332823856799573	0.3332084948569461	0.3335091194630967
0.3332899318331734	0.33324069503560577	0.33346937313122094
0.3332675203801443	0.3333284286252777	0.33340405099457815
0.3334661943368178	0.33315662455001527	0.33337718111316705
0.33332021643847687	0.3333607404291566	0.3333190431323667
0.33345269712071723	0.3332082478970403	0.3333390549822426
0.3332375677055992	0.33338021046169736	0.33338222183270355
0.33331981663750077	0.3331771584705677	0.3335030248919316
0.3334154837554953	0.33327256776549385	0.333311948479011
0.33323748336956155	0.33332943738727255	0.33343307924316595
0.33340961225557614	0.3333327649630414	0.3332576227813826
0.3334560888457828	0.33320219647400323	0.33334171468021406
0.33330677048190366	0.3332688246557523	0.33342440486234415
0.3333487140473921	0.3332394208836941	0.33341186506891385
0.33327047891349915	0.33315156455051753	0.3335779565359834
0.333262819266303	0.3331800619448251	0.33355711878887195
0.3333329780770235	0.3332930650149007	0.3333739569080759
0.33326237670095077	0.3332414473904032	0.33349617590864616
0.3332758707604191	0.3331437725166276	0.33358035672295344
0.3333555948032323	0.33318378713798463	0.3334606180587832
0.33326045200488147	0.3332780346905089	0.33346151330460977
0.3332649669851042	0.33327930441482007	0.33345572860007583
0.3332090206710708	0.3332693116647441	0.33352166766418523
0.3334626933932551	0.3333351855975944	0.33320212100915053
0.33332123111906453	0.3331979726176139	0.33348079626332167
0.33322798941503956	0.3331607080284295	0.33361130255653104
0.3333462344883005	0.33321941523389137	0.3334343502778082
0.3333469218438728	0.33331330403184856	0.33333977412427873
0.3332195513023599	0.33320111831012683	0.33357933038751336
0.333240667603777	0.3333107948334917	0.3334485375627314
0.33325609928766015	0.33321413633312413	0.33352976437921583
0.3333252093293576	0.3331896290599506	0.33348516161069197
0.33332354013249427	0.33321451157654663	0.3334619482909592
0.3334423934599598	0.3332005394854996	0.3333570670545407
0.3333781115819178	0.3331911956294313	0.333430692788651
0.3333543124095732	0.3333632871618771	0.33328240042854984
0.33340277954409087	0.33317572275150453	0.3334214977044047
0.3334172987899726	0.3333691257225318	0.33321357548749575
0.33331171048320424	0.3333845313644127	0.33330375815238317
0.33328882413446337	0.33332613115670784	0.3333850447088289
0.3332096876277556	0.33325501141786606	0.33353530095437844
0.33337213636015317	0.33327470596683423	0.3333531576730127
0.33333345047783014	0.3333703211544677	0.3332962283677023
0.3333063996398706	0.3332180882355344	0.33347551212459514
0.33334343695722246	0.33313059935651096	0.3335259636862667
0.3333973324039388	0.33330229510830606	0.33330037248775524
0.33343372831311185	0.3332739736489126	0.33329229803797567
0.3333931660166312	0.3331668992619088	0.3334399347214601
0.33325304053194665	0.3331896486942444	0.33355731077380907
0.3334001136343301	0.3332579552015913	0.33334193116407873
0.3334599738863575	0.3331670277874322	0.3333729983262104
0.33334103877474747	0.33318126145932386	0.3334776997659288
0.33325241332339306	0.3333723552633089	0.33337523141329817
0.3333432182429327	0.33320897736412897	0.3334478043929384
0.33341869819232456	0.333379627180191	0.33320167462748457
0.3332874285030925	0.33320192895506756	0.33351064254184004
0.3332534384761883	0.33317846190843325	0.3335680996153785
0.3332299830892341	0.33327531532741533	0.33349470158335065
0.33345074095377875	0.3331534085903959	0.3333958504558255
0.3334098063254423	0.3331431384964185	0.3334470551781393
0.3332402519128766	0.33334948128363306	0.33341026680349045
0.3332516450818509	0.3331576585222567	0.3335906963958925
0.3334428838709839	0.33313401036771373	0.3334231057613025
0.3334179079225863	0.333273930223341	0.33330816185407275
0.3332577951081892	0.33324070015100565	0.3335015047408053
0.33330086137354353	0.3331878447630839	0.3335112938633727
0.3332296356838423	0.33315316774689563	0.3336171965692622
0.3334606896613512	0.33315931484590966	0.3333799954927393
0.3332567177306385	0.333155826915023	0.33358745535433865
0.3333448571072831	0.3331892172788352	0.3334659256138818
0.33340757495359485	0.333327449606001	0.3332649754404042
0.33334033231809557	0.33315585653716884	0.3335038111447357
0.33334480861583254	0.3332954542475027	0.3333597371366649
0.3332343256954846	0.33316536246181755	0.33360031184269795
0.33345335242510216	0.33325766289419534	0.33328898468070256
0.3334061564450883	0.3332978894307687	0.3332959541241431
0.33341523596632605	0.3331688926988461	0.33341587133482803
0.33328998076216365	0.33315423737376343	0.33355578186407303
0.33321281258950636	0.33325578839542547	0.3335313990150683
0.3333273937346883	0.33336403498147793	0.3333085712838339
0.3333032862383268	0.33333520571192654	0.3333615080497468
0.3334442024446492	0.33318237810087603	0.3333734194544749
0.33338103824684073	0.33314410289150176	0.3334748588616576
0.33340036766389264	0.3331456164007107	0.3334540159353967
0.3333482694914574	0.3333739168871313	0.3332778136214114
0.33345772982184585	0.333329445951854	0.3332128242263003
0.333351167237481	0.33318570703991024	0.3334631257226089
0.3332989293867427	0.3332153283845327	0.3334857422287247
0.33335036175474225	0.33314878428104805	0.3335008539642098
0.3332461795934316	0.3332620988971169	0.3334917215094516
0.3332125213276262	0.3332359599071419	0.3335515187652321
0.3333449575360744	0.33324672291161517	0.33340831955231054
0.33342584430429617	0.33330442994949144	0.3332697257462125
0.33331368720116417	0.3331744878759778	0.33351182492285814
0.3334061130996302	0.33314332278897985	0.33345056411139007
0.3333241571360856	0.33316110782647007	0.3335147350374444
0.3332095471844443	0.33332385219192096	0.3334666006236349
0.3332059829108179	0.3333098673639556	0.3334841497252266
0.3334006341052446	0.3332424742586584	0.3333568916360971
0.3333800069793536	0.3332773380719682	0.3333426549486784
0.33340659579504256	0.33334294882147625	0.33325045538348125
0.3333112836194968	0.3333314203281858	0.33335729605231756
0.3333608271702498	0.3332795499594549	0.3333596228702954
0.33329848879476165	0.3333004282619975	0.33340108294324095
0.33331722523662033	0.3331497459657167	0.33353302879766306
0.3332067168941647	0.33329850237170755	0.33349478073412786
0.33328634679219693	0.33323970937619346	0.3334739438316097
0.33341163738940705	0.33331927641631415	0.3332690861942789
0.33323037299303404	0.3332115918723577	0.33355803513460835
0.33338328542348944	0.3331432188038328	0.3334734957726779
0.3333721360638176	0.33338062647497785	0.33324723746120466
0.3332832253158809	0.33314560528943493	0.33357116939468423
0.3332902869459275	0.33335154509423937	0.3333581679598333
0.33340762488354714	0.33328633338570784	0.33330604173074513
0.33343503815606435	0.33319260036456966	0.3333723614793661
0.33342863509071574	0.3332968612906313	0.3332745036186531
0.3334547435646769	0.33328337853304246	0.33326187790228073
0.3334006322460698	0.33322455899412373	0.3333748087598066
0.3332942735445624	0.33332944593520425	0.33337628052023344
0.3333583306161933	0.3333718551778265	0.3332698142059803
0.3332262801280578	0.33317069472304883	0.33360302514889345
0.33339256738168294	0.3331950862087305	0.33341234640958667
0.33324701366786585	0.33317056987229343	0.3335824164598408
0.33327230884611647	0.3333080615411599	0.3334196296127237
0.3333408374063632	0.3333733119178438	0.3332858506757931
0.3332858307580534	0.33333148596871803	0.3333826832732287
0.3333610957971597	0.3333038805442688	0.3333350236585716
0.3333193798507225	0.33336662015567653	0.33331399999360106
0.3332718888947987	0.3331519962309936	0.3335761148742078
0.3332775025839724	0.3332183609510063	0.3335041364650214
0.333228882912416	0.33315436273023263	0.3336167543573515
0.33325499779712625	0.3332391143084036	0.3335058878944703
0.33324523565855063	0.33319447869074553	0.33356028565070395
0.3334389703200321	0.3333172835918668	0.3332437460881012
0.3332083573327152	0.3333759883831612	0.33341565428412373
0.333240894270187	0.33329592861486934	0.3334631771149438
0.3334091964965552	0.3333047026855666	0.3332861008178783
0.3333594039543761	0.3332886542070578	0.3333519418385662
0.33345040683445076	0.3332425023589036	0.3333070908066457
0.3332634266255108	0.3332598707570277	0.33347670261746165
0.33325597139604946	0.3332554617630617	0.33348856684088896
0.33327846713709947	0.33326087332017146	0.3334606595427292
0.33323149425131515	0.3333702087373789	0.3333982970113061
0.3332973396538686	0.3333605310233167	0.3333421293228148
0.3332698693021225	0.3333408740841357	0.3333892566137419
0.33340128798029967	0.33329870688880536	0.333300005130895
0.3332699472117822	0.33325736897638397	0.333472683811834
0.3334320089441244	0.33319898603175185	0.33336900502412387
0.3334296348028745	0.33313358815379046	0.33343677704333513
0.3333247944921437	0.3333484828119622	0.3333267226958942
0.33343306283395957	0.333290251031281	0.3332766861347595
0.33339697167320714	0.33323073071404613	0.33337229761274684
0.33335460839887654	0.3331722168570559	0.3334731747440677
0.3332741072472298	0.3332556032772854	0.33347028947548496
0.3332597995092669	0.33325587855685523	0.33348432193387806
0.3333791094675347	0.3332368044987613	0.3333840860337041
0.3332855175267505	0.33327188209012526	0.33344260038312434
0.33330651242290843	0.3333643404874739	0.3333291470896178
0.3332450238788065	0.33323717318262214	0.3335178029385715
0.3333088685429372	0.3333411624646722	0.3333499689923907
0.3333038982301195	0.33336927322388177	0.33332682854599877
0.3332214776327599	0.3333248634358726	0.33345365893136764
0.33331142048517864	0.33333950822419933	0.33334907129062213
0.33341300760428266	0.33336628936823154	0.33322070302748596
0.33345521830515007	0.33316744769983425	0.3333773339950158
0.3333829377510495	0.33329710830966297	0.33331995393928765
0.33332313241430006	0.3331404880442306	0.3335363795414695
0.3334168412791831	0.3332567181097129	0.33332644061110417
0.3334065353772723	0.3332199779000618	0.33337348672266603
0.33341547252779324	0.3331787208400836	0.33340580663212327
0.33322596715512154	0.33320573241981455	0.33356830042506397
0.33342742400314507	0.33326494079627644	0.33330763520057866
0.33343361911711605	0.3332538556978014	0.33331252518508264
0.3332865796855286	0.3333352439268933	0.3333781763875782
0.33339928345220804	0.33332515343323854	0.3332755631145535
0.33323722135277817	0.33329931385998196	0.33346346478724004
0.3333601843390826	0.33315558251228283	0.3334842331486347
0.3332642644006072	0.33327701283231526	0.33345872276707766
0.3332308750361067	0.33322563352694995	0.33354349143694345
0.3334503371776076	0.3332021560011367	0.33334750682125586
0.33345207589649467	0.33332439006041537	0.3332235340430901
0.3334470665741298	0.3331970517874885	0.3333558816383818
0.33328211747753755	0.3332862181739593	0.33343166434850324
0.3333360242553772	0.3331604485889385	0.33350352715568443
0.33321254561692776	0.3332076044530537	0.3335798499300186
0.33329395923290883	0.33327161365198293	0.3334344271151083
0.33333472295889266	0.3331536006018855	0.3335116764392219
0.3333186544881394	0.33331517635606944	0.33336616915579126
0.3334216378151366	0.33319969783385506	0.33337866435100844
0.33331955776418176	0.3331468359659739	0.33353360626984446
0.33346442466431536	0.3331490586953296	0.3333865166403551
0.3333242310238091	0.33335904487144535	0.33331672410474567
0.33345854618361065	0.33319313972293624	0.3333483140934532
0.3334464788301068	0.3333067333479979	0.33324678782189543
0.3334486020226443	0.3331816329822874	0.3333697649950684
0.3334369648290782	0.33322140897092145	0.33334162620000046
0.33320989941902557	0.33317664064811564	0.3336134599328589
0.333284572402305	0.3331381086608778	0.3335773189368173
0.3333128671726995	0.3332273005503596	0.33345983227694104
0.33323259702726166	0.33329543098603576	0.3334719719867027
0.333315895329154	0.33323461030578744	0.33344949436505866
0.33329479304907916	0.33319119146176257	0.3335140154891584
0.3332810154431413	0.33337396180741385	0.33334502274944494
0.33341178550781325	0.3333741499924949	0.333214064499692
0.3334336761474442	0.33323181163924354	0.3333345122133124
0.33336912440749294	0.33313165581052734	0.3334992197819798
0.3332786608472641	0.33315021924750077	0.3335711199052352
0.3332323346111046	0.33320007346705705	0.33356759192183855
0.3332454472109071	0.3332950188998934	0.33345953388919963
0.3333763975847478	0.33324136733033843	0.33338223508491394
0.3332719206982699	0.33338354962318134	0.3333445296785489
0.3334637117459155	0.3331723809758869	0.3333639072781977
0.3334179779382257	0.33325817250125184	0.3333238495605226
0.3333275017893662	0.3331801135387527	0.3334923846718812
0.3332787483960248	0.33312934215661805	0.3335919094473573
0.3333882316390656	0.33333392171952914	0.3332778466414054
0.333375801512184	0.333278395952017	0.3333458025357991
0.333317754052817	0.3333708333781501	0.333311412569033
0.33337724647870004	0.33334155374804103	0.33328119977325904
0.3334224990096502	0.3333768946911425	0.33320060629920745
0.33328156999887604	0.33324482524383786	0.3334736047572862
0.33323679923777827	0.33333210346389164	0.3334310972983302
0.3332420179646425	0.3332009071938863	0.33355707484147135
0.3334641559951735	0.333285830554723	0.3332500134501036
0.3334273527237511	0.3331653530111842	0.33340729426506477
0.33323976411181877	0.33334969250945096	0.3334105433787304
0.33336889995698443	0.33327575119470704	0.3333553488483087
0.33344522308223035	0.33313094119158926	0.3334238357261805
0.33331621891280366	0.33330688671504366	0.3333768943721528
0.33332520611055855	0.3332904091002062	0.3333843847892354
0.3334497392857971	0.3332094770501805	0.33334078366402253
0.33323845295888205	0.3333705660899654	0.3333909809511526
0.333370084115467	0.3333264195664091	0.333303496318124
0.3332703084333335	0.3333542435408469	0.3333754480258197
0.3333341203456847	0.3331762247460622	0.3334896549082532
0.3333160554734924	0.3331829884618864	0.3335009560646213
0.33323988731346843	0.33323719043462213	0.33352292225190955
0.3334525963999454	0.33333821299923655	0.33320919060081816
0.3333537805236313	0.33317047862041677	0.333475740855952
0.3333223890334575	0.3333073928662552	0.3333702181002874
0.33337693603394697	0.33326893294969406	0.3333541310163591
0.33330646395387	0.33322016008600186	0.3334733759601282
0.33325958782746695	0.33324035528437035	0.3335000568881628
0.3334448548708479	0.33325653230471936	0.33329861282443285
0.33340572641848665	0.33331072801094935	0.3332835455705641
0.3333122115984673	0.33320643471832373	0.33348135368320914
0.33325446140779785	0.3331851410263538	0.33356039756584843
0.33336190633899065	0.3332228482629538	0.33341524539805567
0.33339816726779414	0.3331962772990661	0.3334055554331399
0.33341896721348907	0.3331949307939653	0.33338610199254576
0.3333141427939125	0.3332793315939087	0.3334065256121789
0.3333510242942743	0.3332745609476854	0.33337441475804036
0.33345134633876106	0.33329187321762566	0.3332567804436134
0.3334663723748597	0.3331361994180378	0.3333974282071026
0.3332953444161768	0.33333527359791365	0.33336938198590965
0.3333472508550606	0.3332863837630568	0.33336636538188275
0.3332061995789312	0.33321121027436945	0.33358259014669944
0.3334100326307732	0.333151404462899	0.33343856290632795
0.3334318644604098	0.333253801226876	0.33331433431271434
0.3333760819313224	0.3333136163464166	0.3333103017222611
0.3332274849295309	0.33330411937921195	0.3334683956912573
0.33340636607694446	0.3332875510264711	0.33330608289658453
0.3332542194425627	0.3333833705867622	0.3333624099706752
0.33331408981413446	0.3332863388946597	0.33339957129120595
0.3333927411599664	0.3331327351401505	0.3334745236998832
0.3332674225321062	0.3333465839882364	0.3333859934796575
0.3332397950681479	0.33334250770732626	0.33341769722452597
0.33326246683548694	0.33334722557541235	0.3333903075891008
0.33344577086473515	0.3332140683571846	0.3333401607780804
0.3332144154173415	0.33328474997763574	0.3335008346050229
0.3333867234590424	0.33330016864056794	0.33331310790038976
0.33333587273787907	0.3332070215426823	0.33345710571943876
0.3332648056373737	0.33313702598799394	0.33359816837463246
0.3333235940591401	0.3331393925256904	0.33353701341516967
0.3333863784333893	0.33334340210294466	0.3332702194636662
0.33341905470056676	0.3331500161713143	0.33343092912811906
0.33337245315912695	0.33321221991393846	0.3334153269269347
0.33327657244209563	0.3332114180886845	0.33351200946921994
0.3333975642283145	0.33328173969653746	0.33332069607514814
0.3332725885999835	0.3332037832599077	0.3335236281401089
0.33339709082124624	0.33329248903337483	0.33331042014537904
0.33331257597441133	0.3332801852468046	0.3334072387787842
0.33325087486871213	0.33324228088302316	0.3335068442482649
0.3332229213083541	0.33337831598590856	0.33339876270573743
0.33324774193785406	0.33326849383650603	0.33348376422564
0.3333529062543363	0.33337385569853345	0.3332732380471304
0.3332630937538717	0.3333253435164	0.33341156272972844
0.3334026396859827	0.3332137060281894	0.33338365428582806
0.3332699749258349	0.33336421993317167	0.33336580514099357
0.33340260724056875	0.3331847926508715	0.3334126001085599
0.33331797981355654	0.33338173691185163	0.33330028327459194
0.3332209675921977	0.33319395566664883	0.3335850767411536
0.33342771486583606	0.3333188947450956	0.3332533903890685
0.33328016723492226	0.3332713807496207	0.33344845201545714
0.33322107345616053	0.33321367859068557	0.333565247953154
0.33331961855118064	0.33336067387222085	0.3333197075765986
0.3332673466438179	0.3333599156204183	0.333372737735764
0.3332444935973693	0.3332560977151597	0.3334994086874711
0.3332728790654517	0.33331652045981985	0.33341060047472854
0.33335155542878897	0.33335246776971206	0.3332959768014991
0.3332744213205951	0.33320786647160505	0.3335177122077999
0.33330934801038337	0.3332793228922539	0.3334113290973628
0.333307828897624	0.3332333130013943	0.3334588581009818
0.33322937982224365	0.3333522940062119	0.33341832617154454
0.33322337239582045	0.3333557042563121	0.33342092334786755
0.3333880729844558	0.3333695523225578	0.3332423746929865
0.3334081642813373	0.3332983113506979	0.3332935243679649
0.3334005360754146	0.33327207872693426	0.3333273851976512
0.3334304701921558	0.33320264172731895	0.3333668880805254
0.3334022282397217	0.33338234821481544	0.33321542354546296
0.3333121860989379	0.3331405730898376	0.3335472408112246
0.33334139931840234	0.3333848368826023	0.3332737637989955
0.3333157249056838	0.33325744477141084	0.3334268303229055
0.3333593220980334	0.33317375722239156	0.3334669206795752
0.3334457122360292	0.33313471052241916	0.33341957724155175
0.33334422927875895	0.33336501863574025	0.3332907520855009
0.33327129541410616	0.333198294157016	0.33353041042887793
0.3332623869033718	0.3333078251496196	0.3334297879470087
0.33321118028804214	0.33329899615970104	0.333489823552257
0.3332402864627078	0.3332862974017247	0.3334734161355675
0.3333066510377499	0.3332585914914664	0.3334347574707837
0.3333253618528981	0.3332882052679715	0.33338643287913056
0.33325001323608716	0.33330347624118534	0.3334465105227276
0.33334371810264307	0.33333828221501344	0.3333179996823436
0.3332910605754925	0.3331826650898142	0.3335262743346934
0.3334379775348972	0.33330553660007045	0.3332564858650324
0.3334148953461667	0.33332549919287857	0.33325960546095484
0.33333141030618413	0.3333269561346424	0.33334163355917357
0.33327929326355	0.3333012515977607	0.3334194551386894
0.3333812732944546	0.33318050281462286	0.33343822389092265
0.3334643702942869	0.3331823654066163	0.3333532642990969
0.33334139083105097	0.33334383670452383	0.3333147724644253
0.33327521741752686	0.3333807248829351	0.33334405769953823
0.3333411163369436	0.3331759958258539	0.33348288783720265
0.3333032636257326	0.3332066251821965	0.333490111192071
0.3333159949243006	0.3333069692224451	0.3333770358532544
0.33322148214451636	0.3331922178676293	0.33358629998785444
0.33320785041724743	0.33328415991226795	0.33350798967048473
0.33321103504996047	0.3332759113926134	0.3335130535574262
0.33325128883425825	0.3333583836046028	0.33339032756113907
0.3333261436508743	0.33331426196014385	0.33335959438898194
0.3333730808793201	0.3331696315124216	0.3334572876082584
0.33328045804537665	0.33336060858294647	0.333358933371677
0.33335547979389696	0.3331329920389693	0.33351152816713386
0.33343132722082575	0.33330277426238114	0.3332658985167933
0.3334395817167591	0.33334762840743276	0.33321278987580827
0.33346303875555017	0.3332765940450345	0.3332603671994154
0.3332564837310886	0.33316722319736075	0.33357629307155073
0.3332370699372402	0.3332624140732996	0.33350051598946023
0.3334107122200318	0.3333799940615163	0.333209293718452
0.33321208024647975	0.3332126924891402	0.33357522726438016
0.33345631286747995	0.3331413364950825	0.33340235063743767
0.33343292954836246	0.3332855838963331	0.33328148655530454
0.3334230255759789	0.33336678388568997	0.33321019053833123
0.3333936192121812	0.33327735617401677	0.33332902461380215
0.33325566212581587	0.3333429958677312	0.3334013420064531
0.3333442800597729	0.33336183192061697	0.33329388801961024
0.33336641788391547	0.333315479578832	0.33331810253725264
0.3334213478228546	0.3332741050892687	0.3333045470878768
0.3332740721299422	0.3333418949738428	0.3333840328962151
0.33332140672958216	0.3333473964501636	0.33333119682025436
0.3334210687121114	0.33317910027251674	0.3333998310153719
0.33337657566844475	0.3333342605049869	0.3332891638265685
0.3333631135975967	0.3331887823576003	0.33344810404480313
0.33345644772792454	0.3332254649741507	0.3333180872979249
0.3333575938519278	0.3331493380331296	0.33349306811494267
0.3332716148989898	0.33333373067026795	0.33339465443074234
0.3332842422877121	0.3331361600968918	0.33357959761539624
0.3332653587922547	0.333169649768003	0.3335649914397424
0.3333225554169905	0.3331290215801871	0.3335484230028225
0.33337447933492464	0.3332048357785643	0.33342068488651116
0.3334074363366688	0.33315610099312726	0.33343646267020405
0.33322921017498286	0.3332910097171155	0.33347978010790175
0.3333907090130854	0.33325484736964345	0.3333544436172713
0.3334267856156528	0.33319992065970594	0.33337329372464136
0.33320555753536446	0.3332019675903979	0.33359247487423777
0.3333899164225325	0.33322318258087524	0.33338690099659235
0.3333452075987342	0.33315482763570325	0.3334999647655627
0.3333548211361001	0.33315642122955924	0.33348875763434077
0.33341401263776316	0.3333430818370394	0.33324290552519753
0.3332992510607884	0.33316244743665807	0.3335383015025536
0.3332913918006127	0.33316512100495327	0.33354348719443416
0.33329650950550016	0.3331698277754741	0.33353366271902585
0.3334455073151818	0.33313326530833104	0.3334212273764873
0.33333978227754274	0.33334106877764696	0.33331914894481035
0.3332856738680679	0.3333556705386708	0.33335865559326144
0.3332500496761733	0.3333321500640885	0.33341780025973833
0.33341893281303925	0.3332839122653863	0.3332971549215745
0.3332311722346242	0.3331649314392524	0.33360389632612353
0.33335355355960805	0.3332260308665391	0.33342041557385294
0.33324365272807444	0.33337185680753767	0.333384490464388
0.33336231704709857	0.3332896166156336	0.3333480663372679
0.333392364716525	0.3331592584117332	0.3334483768717419
0.33333866908400633	0.33333025877532474	0.33333107214066904
0.333339739423025	0.33337780049072846	0.3332824600862466
0.3332872317347921	0.33324923351344765	0.3334635347517604
