0.3335245570362874	0.3326409139768498	0.3338345289868629
0.33356464390337287	0.33293341383824193	0.3335019422583853
0.3332934545171734	0.33305303396614894	0.33365351151667777
0.33314115396140825	0.3331533541115078	0.33370549192708404
0.33331520866574266	0.33320717918151266	0.33347761215274474
0.3335167315227061	0.3329104581170207	0.3335728103602733
0.3331678348045649	0.333117081771608	0.3337150834238273
0.3331588847252453	0.33324709569270844	0.3335940195820463
0.33358611581285735	0.33273418387320935	0.3336797003139334
0.33328483273547543	0.332994871423424	0.3337202958411007
0.3334050367616498	0.3331127556026126	0.3334822076357377
0.33313018467165806	0.3331496082228924	0.33372020710544964
0.33320265739337385	0.33314572535772463	0.33365161724890163
0.33316666229948466	0.33311008219523786	0.3337232555052776
0.33360883612722425	0.33280294243545105	0.3335882214373248
0.3335126564876889	0.33282513348722065	0.33366221002509056
0.3331966451347629	0.3331152790492931	0.3336880758159441
0.3333575121873687	0.3330624785497018	0.33358000926292963
0.33322129483778284	0.33305666921551486	0.3337220359467024
0.3332835465889118	0.33295821859150215	0.33375823481958616
0.3335776839587928	0.3328560242709893	0.33356629177021796
0.33346290817040547	0.33271756683610987	0.3338195249934848
0.3335503746779551	0.3326901641455987	0.3337594611764463
0.3334699113403484	0.3327360066712974	0.3337940819883543
0.33345848746501655	0.33291982971778383	0.3336216828171997
0.33340483794158193	0.33287400714011256	0.3337211549183056
0.3331585466424714	0.33334745474356303	0.33349399861396567
0.33326866637812835	0.33327880798851817	0.3334525256333536
0.33357022189401797	0.33297206357692766	0.3334577145290545
0.3334952725128263	0.33293212144403994	0.3335726060431339
0.3331713177460897	0.333297535677635	0.3335311465762754
0.33342337443539116	0.3329145916944941	0.33366203387011484
0.3331338381129913	0.33304722943010245	0.33381893245690636
0.333407891271228	0.3331287229940021	0.33346338573477
0.3331280593512489	0.3330569513120044	0.3338149893367468
0.33339676909052424	0.33276381180083286	0.333839419108643
0.33319718326310177	0.3333026431478305	0.33350017358906786
0.3331956610925139	0.3332951290425244	0.33350920986496185
0.33329487812029246	0.3331879050305921	0.33351721684911556
0.333592475076894	0.33264897435883434	0.3337585505642718
0.33330830007670803	0.3331366642559898	0.33355503566730227
0.33323864369911976	0.3330509946498857	0.33371036165099466
0.33340234863722823	0.3329375300407026	0.3336601213220693
0.33360593822781265	0.3327592007448243	0.33363486102736317
0.33325543525613827	0.3329821177506069	0.33376244699325497
0.3334607062994876	0.3327310222908942	0.33380827140961833
0.33332582182260545	0.3330095445564584	0.33366463362093624
0.3333870764850969	0.33304211784026416	0.33357080567463904
0.3335589385335055	0.33288294633632576	0.33355811513016886
0.33325547270898853	0.33305214502941416	0.3336923822615974
0.33334986860258214	0.333042172464244	0.33360795893317396
0.3333666473243285	0.3329602717949521	0.3336730808807195
0.3331326456921089	0.3332077568640453	0.3336595974438459
0.3331345919275702	0.3331418837080101	0.33372352436441977
0.33333935198475595	0.33305607796592424	0.3336045700493199
0.3332395428273224	0.33302277788239787	0.33373767929027987
0.3333398122100434	0.333128164404119	0.33353202338583776
0.333383348630542	0.33311140568822045	0.3335052456812376
0.3335006965130665	0.33268739047342644	0.33381191301350716
0.3331521532322044	0.3330924475042732	0.3337553992635225
0.33319653221392675	0.3330954182089027	0.33370804957717065
0.33358461028854197	0.3327172590543455	0.3336981306571126
0.3335473172358143	0.3329310459572641	0.33352163680692176
0.333483791631698	0.3328312532547229	0.33368495511357915
0.3335460754274168	0.33263364610183643	0.33382027847074686
0.33358412677856497	0.33293557133877677	0.33348030188265837
0.3334051403572709	0.33298524226247017	0.333609617380259
0.3333856760554193	0.332861895198621	0.3337524287459598
0.33357019106422314	0.33262775284277896	0.33380205609299796
0.333163061906506	0.3331870817858408	0.3336498563076533
0.33347379208378886	0.33277429736969394	0.3337519105465173
0.3334722870628286	0.33271464314073035	0.33381306979644115
0.3336057534898873	0.33282848147650435	0.33356576503360846
0.33340933063213857	0.33300821585285717	0.3335824535150043
0.33340383444832317	0.3328241040545548	0.3337720614971222
0.3332435306459754	0.3331216332053642	0.3336348361486605
0.3332886305927445	0.333197613108716	0.3335137562985396
0.33348200648399007	0.3327624113866972	0.33375558212931283
0.33353534294968695	0.3329708378911916	0.3334938191591216
0.33339389669757463	0.3328955976934076	0.3337105056090179
0.33321828977560014	0.3330580737767929	0.33372363644760705
0.333193391302062	0.33316513462681174	0.3336414740711263
0.3333097542342784	0.3331852833274214	0.33350496243830025
0.3333482535065275	0.33287859830791955	0.3337731481855531
0.33311716239074973	0.33310463348523284	0.3337782041240175
0.3332350024012475	0.33323442702279615	0.3335305705759565
0.33336046942093694	0.3330312100218345	0.33360832055722867
0.333277731344531	0.3332692988874339	0.3334529697680353
0.3332295998211685	0.333250540374612	0.3335198598042196
0.333235241632127	0.33292119715179536	0.3338435612160778
0.3332213770514445	0.3330522783389656	0.33372634460959
0.3332104990442803	0.3331809760347082	0.33360852492101156
0.33313179864807413	0.33308974728367796	0.33377845406824797
0.3333278119162485	0.33287592200071425	0.3337962660830373
0.33321570104613607	0.33294968155079563	0.3338346174030684
0.3334658709482875	0.33295639822221823	0.3335777308294943
0.3332218716803607	0.3331864234570564	0.333591704862583
0.3334638868275115	0.33304330369692287	0.3334928094755657
0.3331926697793949	0.3332372304762493	0.3335700997443559
0.3333153893690727	0.3329857609800352	0.33369884965089225
0.33353418056670436	0.33283883848359336	0.33362698094970245
0.3335949633601243	0.3328886707497689	0.33351636589010686
0.3332146931518652	0.3329863188625148	0.3337989879856202
0.33333964610050537	0.33319480064677365	0.33346555325272104
0.33327541893296236	0.3329951538025373	0.33372942726450044
0.33353871684381803	0.33284777515622127	0.3336135079999608
0.3335628334647117	0.3326306688749223	0.333806497660366
0.3335786769719923	0.332864132616969	0.3335571904110388
0.33324037201449086	0.33328619515428265	0.3334734328312266
0.3332274132692531	0.3331887585122353	0.33358382821851174
0.33332059704659184	0.3330758384200188	0.33360356453338946
0.33352171420643095	0.33273940339855185	0.3337388823950173
0.33335695917905384	0.3329512191430333	0.333691821677913
0.33339238948042677	0.33302444806472986	0.33358316245484354
0.3335853458652625	0.33282966237414424	0.33358499176059336
0.3332534964235603	0.3331891420166511	0.33355736155978877
0.3335617123760365	0.33285648739634166	0.33358180022762196
0.3332523125725618	0.3329135534268373	0.33383413400060097
0.3333668098217824	0.3330975999098077	0.33353559026841
0.3333821170149074	0.33293298882524824	0.33368489415984454
0.33339171804778267	0.33298696435189096	0.3336213176003265
0.3333894725291604	0.3329551395246115	0.33365538794622823
0.333453756579941	0.3330737391820556	0.33347250423800356
0.3331483339519915	0.33301653655936797	0.33383512948864064
0.33328863678563536	0.3328996326970204	0.3338117305173443
0.33312768452033703	0.33325781250229425	0.33361450297736883
0.3332085979333324	0.3329520923923424	0.3338393096743253
0.33360862108980105	0.33274965606960344	0.3336417228405956
0.33344349424572367	0.33293047537227327	0.3336260303820031
0.33340171861284706	0.33296553914257193	0.3336327422445811
0.3335228731450837	0.33282530191408655	0.33365182494082984
0.33352263873685506	0.33273285122214424	0.3337445100410008
0.33342536587146604	0.3328060558119143	0.33376857831661977
0.3331187359752586	0.3330663831513674	0.3338148808733741
0.3333003234969481	0.3330670040777459	0.3336326724253061
0.333144018483226	0.3330988630386772	0.3337571184780969
0.333244983834169	0.332936476034079	0.33381854013175216
0.33338142856778136	0.3329516798215858	0.33366689161063295
0.33321783234611535	0.3333041387663626	0.33347802888752215
0.33321768258539053	0.33295952277610913	0.3338227946385004
0.3334439125627346	0.33273435425376	0.3338217331835055
0.3334444186548973	0.3330204124994988	0.3335351688456039
0.3335299536244043	0.3327685408003343	0.3337015055752615
0.3335335453546633	0.33292102390966916	0.33354543073566767
0.33322485179095973	0.3332394330571133	0.3335357151519271
0.3332321157671544	0.3332880143670524	0.3334798698657933
0.3334001271626992	0.3330522094868383	0.3335476633504626
0.3334766302642459	0.3327646230216777	0.3337587467140765
0.3332233590172049	0.33315173031813455	0.33362491066466066
0.3332074098035188	0.33303721005327164	0.33375538014320966
0.33356875729337643	0.33292642573731407	0.3335048169693096
0.33333803466679807	0.3332093004440664	0.33345266488913566
0.3332693492218777	0.3328936272808775	0.3338370234972449
0.3333283849776833	0.33282284996598316	0.3338487650563337
0.3335278304781874	0.332720592437273	0.33375157708453973
0.333120336154518	0.33309443750697015	0.3337852263385119
0.33350594379862525	0.33278140790889743	0.33371264829247743
0.3335392704804714	0.3327307145902632	0.3337300149292655
0.3334300004687998	0.33275271394787387	0.33381728558332646
0.3332479036744212	0.33328848903398245	0.33346360729159646
0.3332612628398264	0.33327581891325303	0.3334629182469207
0.3335512549373746	0.332963342820212	0.3334854022424135
0.333547765441906	0.33286840958980696	0.33358382496828715
0.3334303965971131	0.3330872213261669	0.3334823820767201
0.33323936671830096	0.3332687146555724	0.3334919186261268
0.33351029326747883	0.3328117372687967	0.3336779694637246
0.33348900463685277	0.3327698140836036	0.33374118127954366
0.3332220046665498	0.3329960904955735	0.33378190483787684
0.3332403445205612	0.33291339241775647	0.3338462630616824
0.33323268070649914	0.3331551208513698	0.3336121984421312
0.3332646272683395	0.33302070943738277	0.33371466329427785
0.33327667170698777	0.3329423645025432	0.33378096379046907
0.33344434080581936	0.3328608220910228	0.33369483710315795
0.3332015421100187	0.33298583442248203	0.3338126234674994
0.33354299442284274	0.3326362123660966	0.3338207932110608
0.33323667619466296	0.33295891207179446	0.3338044117335427
0.33350815437076703	0.33264264862761167	0.3338491970016214
0.33347263370299257	0.33307162024614695	0.3334557460508606
0.3332245828011972	0.33303791179921804	0.33373750539958486
0.33355683504031475	0.3327897116290423	0.33365345333064306
0.33337275845816394	0.33285852164168805	0.3337687199001481
0.3331402855004166	0.33306761993072326	0.3337920945688603
0.3333313829425397	0.3329955093770819	0.3336731076803785
0.33324547726770587	0.33318266204571	0.33357186068658423
0.3331457506113176	0.33309471158892906	0.3337595377997534
0.333583142072367	0.33275609633769404	0.33366076158993907
0.3334596272822917	0.33307809026340707	0.3334622824543013
0.3334446945422227	0.3328901819749604	0.333665123482817
0.33356952097662695	0.3326746868553435	0.33375579216802964
0.33314727572638225	0.33316970105908644	0.3336830232145314
0.33324051700389545	0.3331325841028894	0.33362689889321534
0.3332718632611362	0.3330878469839309	0.333640289754933
0.3333866108783432	0.3331371841716897	0.3334762049499672
0.33317493278798177	0.3333303066316037	0.33349476058041466
0.33346671445044784	0.33281096848574643	0.33372231706380584
0.3332793314259537	0.3329548250549845	0.3337658435190619
0.3335115429473251	0.33276418754119363	0.3337242695114814
0.333485735443098	0.33299928185847444	0.33351498269842766
0.3333980257720043	0.3328605679114934	0.33374140631650245
0.3334730631843214	0.3326911874373978	0.3338357493782809
0.33345519224515396	0.3327145279744211	0.33383027978042507
0.3334640591585355	0.3330032773693903	0.3335326634720744
0.33348705552879376	0.33292318779949975	0.3335897566717066
0.3335470022026323	0.332676351524524	0.3337766462728438
0.3336022875525337	0.3328093206241002	0.33358839182336625
0.333364916175702	0.33300210887901033	0.33363297494528776
0.33347405217221515	0.33287498467785714	0.3336509631499278
0.33341860561078257	0.3330882812797144	0.33349311310950314
0.33314887101401486	0.333022030134514	0.3338290988514712
0.33350294729966323	0.3330330122505952	0.3334640404497417
0.3335109406689324	0.3329931457591825	0.3334959135718853
0.3334983325009201	0.3328116184413034	0.33369004905777666
0.333324490971272	0.3329192687069261	0.333756240321802
0.3335232857667309	0.3330197873096944	0.33345692692357487
0.3335796631989141	0.3327247337406565	0.3336956030604295
0.3334199984610675	0.3329503816258519	0.3336296199130807
0.33340371664494917	0.3330470189192588	0.33354926443579214
0.33350630963384337	0.3329039105904445	0.33358977977571225
0.3333415656824853	0.3329362590470779	0.3337221752704369
0.33330224003735626	0.33305594543490347	0.3336418145277404
0.3331760396306711	0.3333673440989402	0.3334566162703888
0.3334128837510912	0.3330135061223697	0.33357361012653924
0.33330913381305066	0.3329191150067151	0.33377175118023433
0.33345617874995886	0.33296289527530065	0.3335809259747406
0.33346952552606723	0.33292942080540217	0.3336010536685307
0.33344296174726423	0.33307921693919973	0.33347782131353615
0.33324537401342735	0.33293528270640116	0.3338193432801716
0.3333792594730955	0.33301939461584695	0.33360134591105767
0.33343605320732933	0.33296755229965175	0.33359639449301903
0.33335994295547783	0.33318368050280217	0.3334563765417201
0.33321115461423206	0.3331557626294511	0.3336330827563169
0.33315980770786713	0.33328603032908655	0.33355416196304644
0.3334347449206134	0.33305671668557485	0.3335085383938119
0.33341850665907546	0.3330151277236694	0.3335663656172552
0.3334426900765418	0.33293969586608096	0.33361761405737733
0.3331298677224572	0.33303822937677785	0.3338319029007651
0.3334609004428095	0.33297984969545297	0.33355924986173763
0.33359782918980946	0.3327017118620261	0.3337004589481646
0.33357573755766334	0.3329548396342371	0.33346942280809966
0.33332588714163197	0.33308999927073374	0.3335841135876344
0.333310020555119	0.3331525524564226	0.3335374269884585
0.3335556213096545	0.3326921566791397	0.3337522220112059
0.3333225565653255	0.33288360978574527	0.33379383364892934
0.3334366019308993	0.33305538909776666	0.33350800897133415
0.33344592815353824	0.33271032007581486	0.333843751770647
0.3335745282133079	0.332824376942883	0.3336010948438092
0.3334593238605977	0.3327263896574419	0.33381428648196054
0.33343675327059286	0.33302273391044773	0.3335405128189595
0.33316975187589315	0.33308553710473027	0.3337447110193767
0.3335242968247076	0.33299831302122135	0.3334773901540712
0.3332727483233076	0.3330529150842447	0.33367433659244783
0.3335682358092359	0.3326282138717717	0.3338035503189925
0.3334544479198711	0.3327117306835078	0.3338338213966212
0.33334771429125964	0.33317437382482173	0.33347791188391873
0.3335198249928959	0.33279104028901313	0.3336891347180911
0.3331456485775499	0.3332166984554506	0.3336376529669996
0.3331176531471494	0.3330930302964755	0.33378931655637517
0.33323577332224147	0.3332992333551415	0.3334649933226171
0.3331828196623165	0.332998715901783	0.33381846443590063
0.333390169590068	0.3328378465902364	0.3337719838196957
0.33351049129723925	0.33275132250123507	0.3337381862015258
0.3331261854538184	0.33318688934472396	0.33368692520145776
0.33345960238703265	0.3326945315308464	0.333845866082121
0.3335524643882842	0.33282922713033514	0.3336183084813808
0.33335005499041603	0.3331704144148238	0.33347953059476027
0.3331902860196054	0.33332636153485207	0.3334833524455427
0.33348039622099995	0.3330030269287393	0.3335165768502608
0.3335261649881237	0.33296792288076454	0.33350591213111186
0.3334778989151165	0.3326979867859654	0.3338241142989183
0.3333475307433105	0.3330337556222378	0.3336187136344518
0.33360702422727045	0.3326520758812357	0.33374089989149397
0.3334176042207967	0.33292630310636756	0.33365609267283586
0.33326789946807994	0.3329055436669043	0.3338265568650159
0.3333653613308643	0.3328344736493962	0.3338001650197396
0.3335875112088934	0.33265847783338404	0.3337540109577227
0.33336090551683784	0.33302678240737577	0.3336123120757865
0.3331554620901398	0.3332767976506292	0.33356774025923114
0.33344769327603213	0.33288571632479985	0.3336665903991682
0.33336444007954064	0.33306886267539515	0.3335666972450643
0.33340136083575594	0.3328265142421711	0.33377212492207303
0.33326090986331725	0.33305491131205217	0.33368417882463075
0.33327959316496997	0.3331700244928172	0.33355038234221296
0.3333021194600353	0.33285456952789944	0.3338433110120654
0.3334468819486431	0.33291970184686265	0.3336334162044944
0.33338128309436565	0.3329958427179955	0.333622874187639
0.3334674871904991	0.33292451558971015	0.33360799721979084
0.3331314414702501	0.3332571862303015	0.3336113722994486
0.3335030094300713	0.3328224064172566	0.3336745841526723
0.33350223160968645	0.3328530855630955	0.33364468282721815
0.3334106662662502	0.333008528786028	0.3335808049477219
0.3333847828484631	0.3328584340534625	0.33375678309807444
0.3331682675523099	0.33330186737690654	0.3335298650707837
0.3334324380536295	0.33292817266297525	0.3336393892833954
0.33320927102952497	0.33320647279330945	0.33358425617716564
0.33333614316172444	0.33317689767183406	0.3334869591664416
0.33328147426683613	0.33317520074479295	0.333543324988371
0.33357208215327405	0.3328255171330459	0.33360240071368014
0.3332574829884431	0.3330815001057915	0.33366101690576544
0.333219300093384	0.3331471499004317	0.3336335500061844
0.3332043302959429	0.3330981065266981	0.33369756317735916
0.3334329385620188	0.33290182570964905	0.33366523572833234
0.33312786114533927	0.33315312763154703	0.3337190112231138
0.33343857345241823	0.3330156600820889	0.33354576646549294
0.3335450369466038	0.3329599532254219	0.33349500982797436
0.333175070482833	0.33329759711339996	0.33352733240376714
0.33335990324701154	0.33296682550341505	0.3336732712495735
0.33349094591915673	0.33302550352279986	0.33348355055804346
0.3333776283928208	0.33280500680173275	0.33381736480544655
0.33320310316120666	0.3331890290492494	0.33360786778954404
0.33346377320234905	0.33302471269469786	0.33351151410295315
0.33324020179409264	0.3329886941585216	0.33377110404738586
0.333594465001583	0.332826720257344	0.3335788147410731
0.3332040692683561	0.3330156809929571	0.3337802497386869
0.3334117723322493	0.33286835499295453	0.3337198726747963
0.3332595201398939	0.33324185389839345	0.33349862596171276
0.3332910159945516	0.3331368376713117	0.33357214633413684
0.33331913716744027	0.33309222836704483	0.333588634465515
0.3332177541941546	0.3330377141848425	0.333744531621003
0.3333280025270886	0.33311332437076774	0.33355867310214377
0.3334379513041612	0.3329508955409503	0.3336111531548886
0.33322338558445086	0.3329923158155255	0.3337842986000238
0.3333962443911464	0.3328966456140435	0.33370710999481024
0.33317201592487594	0.3331622927950465	0.3336656912800776
0.3332761188639206	0.3330702745615044	0.3336536065745751
0.33347926303916325	0.3327505801084926	0.33377015685234424
0.33329574441247395	0.33290021208298676	0.33380404350453935
0.33360307863254923	0.33279168485219796	0.333605236515253
0.33315082754983394	0.3331537109949923	0.33369546145517387
0.3331976070061888	0.33334372692324316	0.3334586660705682
0.3335305647230868	0.3327579816230578	0.3337114536538555
0.3332223114665087	0.3332137622816349	0.3335639262518565
0.3335658701299222	0.3327879182252381	0.3336462116448397
0.3335118789546733	0.3329642477927998	0.33352387325252697
0.3333437341537243	0.3328405688582645	0.33381569698801133
0.3335954607266591	0.33283287272825374	0.3335716665450873
0.3333407371408508	0.33318476202619496	0.3334745008329543
0.33342286360639345	0.33300335359592376	0.3335737827976829
0.33322260362324896	0.33314941088010863	0.3336279854966425
0.33313385882782415	0.3332152284593638	0.33365091271281216
0.3331646444264126	0.3332431786308546	0.33359217694273297
0.33344168241430566	0.3329245903364471	0.33363372724924734
0.3333439670164517	0.33282091219382237	0.33383512078972605
0.33319074253018893	0.3331995210034306	0.3336097364663806
0.33335017136536593	0.3331721281588818	0.33347770047575237
0.33347332313345374	0.33301621106915186	0.33351046579739446
0.33328896527581814	0.3332437205169982	0.33346731420718373
0.3332581324833154	0.33290514988696096	0.3338367176297238
0.3334145272821724	0.33307043207711545	0.3335150406407123
0.33331157849964305	0.33306750894387177	0.33362091255648535
0.33342121223778004	0.3329588971654814	0.33361989059673863
0.3334907378865322	0.33297618690215264	0.33353307521131526
0.33312752992496153	0.3330549246351433	0.3338175454398952
0.33344090575027774	0.33298465013702583	0.33357444411269654
0.33321650534900565	0.33299497836430125	0.3337885162866932
0.33357944819574076	0.332890408384552	0.33353014341970744
0.3333590079883831	0.33291629723925914	0.3337246947723579
0.33342764742523506	0.3330033229637765	0.33356902961098855
0.3332162979532986	0.3333174283033356	0.3334662737433659
0.3334866772304007	0.3330215225385419	0.3334918002310575
0.33327206154346173	0.3328822721201496	0.3338456663363888
0.3334251963181738	0.33281027991722006	0.33376452376460625
0.33334034717275296	0.33295721771985426	0.3337024351073929
0.33342435488867167	0.33292028520732275	0.3336553599040057
0.33313201943065096	0.3331222001525391	0.33374578041681
0.3332113057566592	0.33303919950699834	0.3337494947363426
0.3334394312813028	0.333022232330462	0.33353833638823527
0.33357726205275107	0.3328648017299481	0.33355793621730095
0.33359185339956493	0.33270263199693406	0.3337055146035011
0.3335081075295956	0.3329554011568062	0.33353649131359836
0.33349758838519633	0.3327032368173651	0.33379917479743865
0.33318143674925366	0.3332551737173712	0.3335633895333753
0.3332116204480177	0.33300649956551626	0.33378187998646613
0.33336579930986504	0.33289430407322224	0.3337398966169128
0.33322961295033576	0.3331556844297687	0.33361470261989573
0.333453632823719	0.3329252224791397	0.33362114469714144
0.3332442922334215	0.33327793000920497	0.33347777775737364
0.3332227808900584	0.33314192041171975	0.33363529869822195
0.3334908972159231	0.33278206074837746	0.33372704203569953
0.33329693395867444	0.33318101704880126	0.3335220489925244
0.3332285466508833	0.33331637928055396	0.33345507406856284
0.3331906434950489	0.33330041240066505	0.33350894410428616
0.333372007777693	0.3329852429140761	0.333642749308231
0.33342239765085757	0.3328333327050237	0.3337442696441188
0.3335319604794192	0.3328280526071723	0.3336399869134086
0.3333000897235411	0.3329739102393283	0.3337260000371307
0.3336008551818188	0.3329488277453958	0.3334503170727855
0.3334510944767888	0.3329939033000887	0.3335550022231226
0.33330124305403624	0.3329961722159028	0.3337025847300611
0.33318056266775753	0.3332667491968909	0.33355268813535166
0.3331509005673863	0.3330835664157654	0.3337655330168484
0.3332042470841383	0.3331169554524017	0.3336787974634601
0.3331961797626137	0.3333229796599805	0.33348084057740596
0.3335828220364622	0.3329151715593498	0.3335020064041881
0.33325671548911395	0.3330563740597922	0.33368691045109394
0.3333933080401593	0.3331261904023664	0.3334805015574744
0.3332614430889961	0.3332821704576344	0.3334563864533696
0.33358942918028894	0.33289317835180565	0.3335173924679055
0.33328118423531616	0.33297272521242627	0.3337460905522577
0.33320758125451194	0.33304043937252087	0.3337519793729673
0.33348537873584533	0.3330301128239574	0.3334845084401974
0.33317035580549137	0.3332618223081742	0.33356782188633455
0.33344719191298955	0.3331003474001262	0.3334524606868844
0.33352448171285287	0.33296382979485567	0.3335116884922915
0.3332569913566077	0.3332230432577101	0.3335199653856823
0.3334649679354176	0.332952764182924	0.3335822678816585
0.33315598441031785	0.3333158329961015	0.33352818259358075
0.3333244704069407	0.3328710269674031	0.3338045026256563
0.33346704731831606	0.332834520609403	0.3336984320722811
0.333413958225974	0.3329185440728083	0.3336674977012178
0.3334962356602131	0.33301623331666635	0.33348753102312073
0.33323675880426346	0.3331517307752425	0.33361151042049414
0.3334180096645857	0.3328102147642007	0.33377177557121374
0.33330378972613267	0.3329061421239236	0.33379006814994383
0.33343175476276216	0.3327661760185117	0.33380206921872624
0.33350469716873943	0.33269451189454086	0.3338007909367198
0.33340435207400854	0.3327725312172809	0.3338231167087107
0.3333618891854588	0.3329585889401627	0.3336795218743786
0.33346784921574363	0.332774577423559	0.3337575733606975
0.3331936462689242	0.33301662171577084	0.33378973201530504
0.33342653209296924	0.33302367331154686	0.33354979459548406
0.33341572359811106	0.3329417761996871	0.3336425002022019
0.3335750748871526	0.3326269633293634	0.3337979617834841
0.3335506545760422	0.3329061250226545	0.3335432204013034
0.33352817895782644	0.33301036836602527	0.3334614526761484
0.33344801884096054	0.33292256048861124	0.33362942067042833
0.3335014969111546	0.3327700059659859	0.3337284971228597
0.3335851154580637	0.33279063985585644	0.33362424468607993
0.3331253991015137	0.3332066763799754	0.33366792451851107
0.33315675733087646	0.33307335277726174	0.3337698898918619
0.3331520185964232	0.3330056514889391	0.33384232991463786
0.33341274576415264	0.33281137171776126	0.3337758825180862
0.3332314982033407	0.3331310784553147	0.3336374233413447
0.3333529047381702	0.3330985432464895	0.3335485520153404
0.3333982224656557	0.33290860843336645	0.33369316910097796
0.3334480399497647	0.3327939909935951	0.33375796905664035
0.3332395427336319	0.3332820647386841	0.33347839252768413
0.3333782690792649	0.33278338187171524	0.33383834904902
0.33346692007049333	0.33269527396661774	0.33383780596288903
0.3334502097305829	0.33308695444420056	0.33346283582521663
0.3335933198007546	0.3328596951654346	0.3335469850338109
0.3332688116424773	0.3330515901008041	0.3336795982567187
0.33312031264044556	0.3332888634737205	0.33359082388583405
0.3333276467264736	0.33285485033069734	0.3338175029428292
0.33318686399668834	0.33314222333165777	0.333670912671654
0.333190545483103	0.33319865952939814	0.33361079498749896
0.33313519486816395	0.33312933186624977	0.3337354732655864
0.3334584924890289	0.33298130060265774	0.3335602069083135
0.3332314360382969	0.3330577328673126	0.3337108310943906
0.3332196805248411	0.3331021937004632	0.3336781257746958
0.33319778791435434	0.33334280955788165	0.3334594025277641
0.3331411695481987	0.3331455768508798	0.3337132536009216
0.333496973680333	0.3327378703206692	0.3337651559989979
0.33315317622839963	0.33305400823464193	0.33379281553695855
0.33346904824245227	0.3328267719443598	0.33370417981318806
0.3331357455419336	0.3330779602108985	0.33378629424716794
0.33348303524384804	0.33272823345731734	0.33378873129883474
0.333591878854497	0.3329263616259965	0.33348175951950665
0.3334256332809804	0.3328781846306871	0.3336961820883326
0.3332340536387553	0.33317914487493183	0.333586801486313
0.3334255151071607	0.333038409091537	0.33353607580130246
0.3333363004533752	0.33293184708479073	0.3337318524618342
0.3333869321027177	0.3329607282266772	0.3336523396706052
0.33330305115530917	0.3329479555247327	0.3337489933199582
0.33351327696118915	0.3327812174917341	0.33370550554707684
0.333160324135468	0.333290334610809	0.3335493412537231
0.33334756203951876	0.33284152607624373	0.3338109118842376
0.3333688916905431	0.33285498777845657	0.3337761205310004
0.3335523019762007	0.33293491964065947	0.3335127783831399
0.3333002823303574	0.33322929306034216	0.33347042460930054
0.3335294918302624	0.33276102617663894	0.33370948199309874
0.3331879154242706	0.33314697314731556	0.33366511142841393
0.33315614533509047	0.33319662086600926	0.3336472337989004
0.3331925021529103	0.3330935476111594	0.3337139502359304
0.33353341875988746	0.3329608060005906	0.33350577523952213
0.3332323774925451	0.33316989044580675	0.3335977320616483
0.33322822015106374	0.3330347002426906	0.33373707960624577
0.3332619947070439	0.3330711578921736	0.3336668474007826
0.3332119767050892	0.33311578715815887	0.333672236136752
0.33350405901998187	0.3327001202691347	0.33379582071088354
0.3333106140296057	0.3331588137556285	0.3335305722147659
0.33332312882467496	0.3329898654852892	0.333687005690036
0.3331699120517992	0.33309615245193747	0.33373393549626346
0.33322690593633963	0.33293258476642346	0.33384050929723696
0.33326890694270683	0.3332314036535339	0.33349968940375946
0.3335133319379154	0.33275625690925953	0.3337304111528252
0.33346986693759323	0.33297037460284795	0.33355975845955893
0.3333290772502127	0.3328328092803852	0.3338381134694022
0.3332139185953026	0.33296915015560524	0.3338169312490923
0.33333366418833554	0.3331228010341793	0.3335435347774853
0.33332946437098687	0.33311624384815125	0.33355429178086193
0.3334309675611151	0.3327762078447885	0.3337928245940965
0.33329344993553867	0.3329334913769315	0.3337730586875299
0.3335906459898261	0.33284321550326085	0.3335661385069132
0.3335993239881504	0.33272444790446964	0.33367622810738007
0.3335075020661228	0.33303329249788505	0.3334592054359922
0.33353280176155203	0.33273902271542416	0.3337281755230239
0.33329857045527655	0.3328533363885009	0.33384809315622266
0.333469521365827	0.3327476151454678	0.33378286348870523
0.33331207850546885	0.33305995022089857	0.3336279712736327
0.3335388330760542	0.3327981036511864	0.3336630632727595
0.3333223950464719	0.3330939393717815	0.33358366558174674
0.33319312761752423	0.33330083075968414	0.33350604162279174
0.3334463228100683	0.3327978609729459	0.33375581621698597
0.33348818964401733	0.3330210428723567	0.33349076748362605
0.3332431942349752	0.33318883298279134	0.33356797278223355
0.33325829475427426	0.33298456470449395	0.3337571405412319
0.33337818373815115	0.3329856724049083	0.3336361438569407
0.33325957095669406	0.3330813565132769	0.33365907253002913
0.33339431492133104	0.33287322131117775	0.3337324637674913
0.33353814908230084	0.3328685478466277	0.33359330307107155
0.3335191838813857	0.3329518224341563	0.33352899368445815
0.3334259867745041	0.33292914418547953	0.3336448690400165
0.3334981112550068	0.3329515899007921	0.33355029884420123
0.33344020686158904	0.33292965495007826	0.3336301381883328
0.33348122169182887	0.3328446338828079	0.33367414442536336
0.33347547201754346	0.3328315038808289	0.33369302410162777
0.33330196762232406	0.33309766983924843	0.3336003625384276
0.3332454181964865	0.33311230451370333	0.3336422772898103
0.3334137268097666	0.3328742640955246	0.3337120090947089
0.3331546639978938	0.33336457422455984	0.3334807617775465
0.33330129786458657	0.33316943691461276	0.3335292652208008
0.3334776815426659	0.33270196174589617	0.3338203567114381
0.33352582848577905	0.3327527695198933	0.33372140199432776
0.3332366177118643	0.33293136554459013	0.3338320167435457
0.3331851554643574	0.3330187469107739	0.3337960976248688
0.3331613864140116	0.3331146741305872	0.3337239394554013
0.33313732744227403	0.3330650071606311	0.333797665397095
0.33337405831150624	0.3327951070924114	0.3338308345960825
0.33317079348618117	0.33325562850842777	0.3335735780053912
0.33332114227369586	0.33304341056368936	0.3336354471626149
0.33327249096205175	0.3330143555799566	0.33371315345799174
0.33344408579161033	0.33281780120590615	0.3337381130024836
0.33337598539321295	0.33288994941963007	0.3337340651871571
0.333428528699986	0.33308955635027615	0.33348191494973795
0.3332887322576988	0.33288003146423106	0.33383123627807026
0.3332859320817514	0.33318805184356215	0.3335260160746865
0.33346172238221977	0.3327583282160524	0.33377994940172795
0.333267002085081	0.3331653774044926	0.33356762051042654
0.3331648451523418	0.3332247740855189	0.3336103807621394
0.333327073388528	0.3331774143125795	0.33349551229889257
0.3335601954601923	0.33281190125291155	0.3336279032868963
0.3333347976040951	0.33308778202961986	0.33357742036628507
0.3332088200452313	0.3330306805102574	0.3337604994445114
0.33316178397574847	0.3330334746322682	0.33380474139198346
0.33343110221220085	0.33285388918981884	0.3337150085979804
0.33358886318496966	0.3329097155166803	0.33350142129835014
0.33330883064966205	0.3329256084608708	0.3337655608894673
0.33326636722622666	0.3332279015001892	0.33350573127358424
0.3333774201248872	0.33288315398030877	0.3337394258948041
0.33321770478890483	0.33321022114385707	0.33357207406723816
0.33317912969742863	0.33300756644354157	0.3338133038590299
0.3334230924886826	0.33279285661555047	0.333784050895767
0.3333490989004961	0.3328511194177148	0.33379978168178925
0.3334018258067199	0.3328260224319061	0.3337721517613741
0.3335580094475985	0.3327797597715473	0.33366223078085433
0.33317253186032547	0.33325472157299196	0.3335727465666827
0.3334187103317528	0.3328870149397751	0.3336942747284722
0.3332770333581629	0.3331022303825023	0.3336207362593349
0.33354165226266924	0.3326452263933814	0.33381312134394947
0.33359685605311107	0.3326507810118283	0.3337523629350607
0.33341855276466337	0.3328187490067786	0.33376269822855814
0.3332696575645387	0.3331773784165539	0.3335529640189075
0.3332185165031607	0.3331317664143404	0.3336497170824991
0.33350409990936625	0.33266890209596167	0.33382699799467225
0.33323221965559174	0.3332962759445002	0.33347150439990814
0.33334199969574035	0.33301819147756717	0.33363980882669253
0.3334355957363922	0.3327438491966709	0.33382055506693703
0.3333570258100489	0.3328452626565151	0.3337977115334361
0.3332565702360142	0.33308161155847643	0.3336618182055095
0.33338389954719916	0.3329816780817483	0.3336344223710526
0.3335778098178846	0.3327424653410201	0.3336797248410954
0.33314030678681383	0.3330370346028725	0.3338226586103138
0.3333598403049192	0.33286212700796475	0.33377803268711614
0.33337632443818055	0.3329465317487086	0.333677143813111
0.3335418400242863	0.33285089640806875	0.3336072635676451
0.3333972944661535	0.33305537175237326	0.33354733378147333
0.3331850288249416	0.3330793946998002	0.3337355764752583
0.3333120947086968	0.3328927158397835	0.33379518945151976
0.33358716664827465	0.33273812573354905	0.3336747076181764
0.3334660505337989	0.3328967069117031	0.3336372425544981
0.33312779854591074	0.3333098173791942	0.33356238407489525
0.3331819024132263	0.33322757107342615	0.33359052651334764
0.33318797359391766	0.3331665697743337	0.3336454566317488
0.3331311249509825	0.33305126695615656	0.3338176080928611
0.3331387955902676	0.33312089448007487	0.33374030992965764
0.3334268094733945	0.3329393082154956	0.33363388231111
0.33319349263903564	0.33329990317027286	0.33350660419069156
0.3334645580090461	0.3327888828180322	0.3337465591729218
0.3332251551362627	0.33316652880894715	0.33360831605479024
0.33355436553572154	0.3329419614843069	0.3335036729799717
0.333245530678226	0.333172369749163	0.33358209957261115
0.3334257407993134	0.3327282468578808	0.33384601234280586
0.3332578814927167	0.3332084168479682	0.33353370165931523
0.3333419350212921	0.33288956805338016	0.33376849692532784
0.33315356092500464	0.3332121809328735	0.33363425814212194
0.3331235146611548	0.33323255953769626	0.33364392580114904
0.3333383153871129	0.3330279873911299	0.33363369722175734
0.33355074905039384	0.3329848488774651	0.3334644020721411
0.33350952825969093	0.3329694325287283	0.3335210392115809
0.3335962150101922	0.3326603004547646	0.3337434845350433
0.3335194338846327	0.33293027676096354	0.3335502893544039
0.3332011047532835	0.3332333355662266	0.33356555968049006
0.3334699650451277	0.3328039098130684	0.333726125141804
0.33345834983881933	0.33275077039062223	0.33379087977055855
0.33311783702904924	0.3332465344480932	0.33363562852285766
0.3334668786750012	0.3330301792966948	0.3335029420283041
0.33345374851808074	0.3329156718385392	0.33363057964338017
0.33320233500338475	0.3329663589788987	0.33383130601771666
0.33356769740804604	0.33288192371128517	0.3335503788806689
0.33330547910107516	0.33321473835724225	0.3334797825416827
0.3332534387037988	0.3329992530472192	0.333747308248982
0.3331612376335065	0.33315970531855654	0.33367905704793704
0.3333718227941888	0.3328265930903606	0.3338015841154507
0.333224159506194	0.3331057586723673	0.33367008182143876
0.33337006391337837	0.3329518449879627	0.333678091098659
0.333321904588146	0.3331247530273597	0.33355334238449436
0.33345370266824165	0.33274865138474935	0.3337976459470091
0.3331497012534617	0.3330758066884808	0.3337744920580576
0.33354151118617886	0.3326809168303747	0.33377757198344654
0.33349698107113374	0.33265585835322	0.3338471605756464
0.33325417828050785	0.333059584787923	0.33368623693156924
0.33347980950391837	0.3327624529700957	0.33375773752598603
0.33316606616143835	0.333128447803873	0.33370548603468875
0.3332610248441678	0.3331317835321865	0.33360719162364577
0.3331658105873247	0.33332388345020947	0.33351030596246595
0.3333163688323676	0.3330179171135667	0.33366571405406587
0.33324973172815425	0.3330716320904657	0.33367863618138016
0.3331307656066286	0.3331529041819314	0.33371633021144015
0.33356741176141275	0.3326447191531512	0.3337878690854362
0.3333599322832493	0.33285257910105	0.3337874886157008
0.3334758629544007	0.33270606445573486	0.3338180725898645
0.33316924900691436	0.3331443837786591	0.3336863672144266
0.33319094452359643	0.3331622097123781	0.33364684576402553
0.33346452875246535	0.33299388132700725	0.3335415899205275
0.33339070355380995	0.33286201275047905	0.3337472836957111
0.3333706620155126	0.33280636584697526	0.3338229721375123
0.33341507651468955	0.33294512904588164	0.3336397944394289
0.33332585647677737	0.3331339444928581	0.33354019903036464
0.3334245392333058	0.3329725068309699	0.3336029539357244
0.3334184501554929	0.33291110950310415	0.33367044034140314
0.33312716645366897	0.33321493947591074	0.3336578940704204
0.33332257691508044	0.3331573991151999	0.33352002396971975
0.3334642310586027	0.33268655225946026	0.3338492166819371
0.3332761374299472	0.3330293789463682	0.3336944836236847
0.3334722064284352	0.332898184012449	0.33362960955911586
0.33336624684295474	0.33316141252469866	0.33347234063234665
0.33352271233000946	0.33281572190233316	0.33366156576765743
0.3335308934286	0.33272283586318724	0.3337462707082129
0.33341816217541664	0.3329649193498104	0.3336169184747731
0.33317894257887587	0.3332215032794993	0.33359955414162495
0.33338688834645314	0.3329007756662718	0.3337123359872752
0.33356967110294045	0.3327131183309765	0.33371721056608317
0.33346878692818677	0.33298762469697796	0.33354358837483533
0.3331736925117644	0.3331098225670675	0.33371648492116823
0.33316084278646063	0.3329975459299326	0.33384161128360684
0.3331356490139243	0.33314277705188794	0.3337215739341879
0.3335935658675399	0.33279473493931716	0.33361169919314304
0.333558663414585	0.3329807628316094	0.33346057375380567
0.3333731602323581	0.33305427349377886	0.3335725662738632
0.3335198392431009	0.3327633976412936	0.3337167631156056
0.3331547209046337	0.3332916996752564	0.33355357942011
0.333413717232661	0.33276705894652236	0.3338192238208168
0.3333840687499151	0.3329150513040046	0.3337008799460804
0.33358526810539485	0.3326745912773973	0.33374014061720797
0.3332878827676926	0.332956036894154	0.3337560803381535
0.3334228880051474	0.332854925384738	0.3337221866101147
0.33319641527006666	0.33325560434495755	0.3335479803849759
0.3332198375144487	0.33304394265165654	0.33373621983389484
0.33322362406425743	0.3331704106935311	0.3336059652422116
0.33322754551326517	0.3331329698890039	0.333639484597731
0.3333717225650893	0.33314545331734485	0.33348282411756597
0.33332542538263227	0.33289772170474397	0.3337768529126239
0.33340700475797475	0.3328736599316992	0.3337193353103261
0.33312884034358314	0.3333635495071391	0.3335076101492778
0.3334373721934111	0.33285483248245534	0.3337077953241337
0.333406304346066	0.33299480452714825	0.3335988911267858
0.33358610811202805	0.33274138410840715	0.3336725077795649
0.333570609172516	0.33288030733941915	0.3335490834880649
0.3331446791715382	0.3332156146935941	0.33363970613486776
0.3331655841016722	0.33308240410112055	0.3337520117972073
0.3335241808795884	0.3326691210368069	0.3338066980836048
0.3335348439120302	0.3328058175620317	0.3336593385259382
0.3332453320004263	0.33298022263975796	0.3337744453598159
0.3334750920834141	0.33294340140059964	0.3335815065159864
0.333490281605001	0.33272250005151144	0.33378721834348773
0.33358335812969636	0.332757450842753	0.3336591910275507
0.33321176418669823	0.33310759490134517	0.3336806409119567
0.3335677069453554	0.33273463533820286	0.33369765771644183
