0.33337216730628877	0.333244376918918	0.33338345577479334
0.3333843079821824	0.33323150501036286	0.33338418700745487
0.33338033473383255	0.3332354942640241	0.33338417100214346
0.33337358475947443	0.33324645673210684	0.3333799585084188
0.3333804520981209	0.3332373809828676	0.3333821669190117
0.3333766010402021	0.3332372053446318	0.3333861936151662
0.3333741979342446	0.33324332676045976	0.33338247530529574
0.33337227640204736	0.3332411565696341	0.33338656702831865
0.33337823078525447	0.3332391179069145	0.33338265130783107
0.33337561070772725	0.33324005546079577	0.3333843338314771
0.33338310177780894	0.3332381232015475	0.33337877502064367
0.33338503372593437	0.3332367258030191	0.33337824047104664
0.3333713095734066	0.3332419623027489	0.3333867281238446
0.3333816150732042	0.33324046122758605	0.3333779236992099
0.33337492863170104	0.33324239526677835	0.3333826761015207
0.3333762631923466	0.3332339509399545	0.333389785867699
0.3333817824770972	0.3332402036124745	0.3333780139104284
0.33338241939443597	0.333229265574655	0.33338831503090915
0.3333827809093621	0.33323862139873595	0.3333785976919021
0.33337375987118	0.3332482949044545	0.3333779452243656
0.33337904457336504	0.3332407336382672	0.33338022178836785
0.33338450229784167	0.3332307271717212	0.33338477053043725
0.3333809545782907	0.33323867657622036	0.3333803688454891
0.33337945127402596	0.3332403228357743	0.33338022589019983
0.33338029719936985	0.3332300268967721	0.33338967590385815
0.3333842608356934	0.3332360358441939	0.3333797033201128
0.333384146056149	0.33323845417051173	0.33337739977333936
0.3333716067499413	0.33324680721314714	0.33338158603691165
0.33337933896881283	0.3332321316145479	0.3333885294166394
0.3333849932745331	0.33323246916164095	0.3333825375638261
0.333377507834498	0.33324127469767995	0.3333812174678222
0.33338261244155043	0.3332414197170945	0.33337596784135515
0.33338438778209345	0.3332401767492589	0.33337543546864773
0.3333840428171848	0.3332289892756025	0.3333869679072128
0.3333822268912431	0.333241005953748	0.333376767155009
0.3333737029915494	0.3332375510454547	0.333388745962996
0.33337254978290953	0.3332452227151883	0.3333822275019023
0.3333727364632733	0.33324803340761905	0.3333792301291078
0.33337605455972064	0.33323954328667565	0.3333844021536038
0.3333770688572714	0.33323317060744967	0.333389760535279
0.3333768439788828	0.3332416058698692	0.33338155015124815
0.33338577364454974	0.33323192212901426	0.3333823042264361
0.3333855022952814	0.33322963245018405	0.33338486525453465
0.3333783669863198	0.33323395101541814	0.3333876819982622
0.3333778258011993	0.33323962317982164	0.3333825510189792
0.33338353027997303	0.33323447276303386	0.3333819969569932
0.3333736871674989	0.33323747050299357	0.33338884232950766
0.3333717503328893	0.33325194147016574	0.333376308196945
0.3333820534478152	0.33323012424566695	0.333387822306518
0.33338324083323356	0.3332272333201458	0.33338952584662074
0.33337537660640704	0.33324384577906885	0.3333807776145242
0.3333824638360685	0.3332392715837767	0.3333782645801549
0.3333850102157419	0.3332396416063498	0.3333753481779084
0.3333775127673847	0.33323848537492445	0.33338400185769096
0.3333730939564822	0.3332404435680426	0.3333864624754753
0.33338371428241576	0.3332382623056984	0.3333780234118859
0.3333772655939828	0.33324480864461337	0.33337792576140396
0.33338555795163316	0.3332382760908233	0.33337616595754366
0.3333830348146858	0.3332374443632839	0.33337952082203043
0.3333848337933863	0.33323489248008553	0.3333802737265283
0.3333839365960298	0.33324089104120025	0.33337517236277003
0.33338585396998216	0.3332366953516373	0.33337745067838065
0.33338334471616665	0.3332283051204524	0.3333883501633811
0.3333820746169618	0.33323417800640526	0.33338374737663307
0.3333828031404389	0.33323663385984514	0.3333805629997161
0.33338594399626365	0.3332259122158317	0.33338814378790477
0.33337923570997474	0.33323470569590385	0.3333860585941215
0.33338199246551536	0.33323363373008014	0.3333843738044046
0.33337454426146707	0.3332381254806634	0.33338733025786965
0.33337957706574733	0.3332314961396966	0.3333889267945561
0.33337214157203066	0.33325031358714163	0.3333775448408278
0.33337506710452053	0.3332419318204374	0.33338300107504226
0.33337668258126346	0.3332393076345739	0.33338400978416277
0.3333822722585083	0.3332379417325612	0.3333797860089306
0.3333827402975785	0.33323204487735353	0.33338521482506805
0.33338336508493743	0.3332392085610975	0.3333774263539651
0.33337569106535037	0.33324781807989395	0.3333764908547558
0.3333752632719645	0.3332409515245266	0.333383785203509
0.33338454187047983	0.3332350533286179	0.33338040480090236
0.3333826568115826	0.3332315483549462	0.33338579483347136
0.3333768505694248	0.33324038755903734	0.333382761871538
0.33337651150701586	0.33324323072144285	0.3333802577715414
0.33337189186251975	0.3332520640525068	0.33337604408497357
0.33338519019900253	0.33323484718608737	0.33337996261491015
0.33338434400198325	0.33323558852136625	0.3333800674766506
0.33337754269568226	0.33323438772401776	0.3333880695803001
0.33337349462850113	0.33323705547415133	0.33338944989734765
0.33338050190114443	0.3332362445795752	0.33338325351928044
0.3333802146479635	0.3332330091976018	0.3333867761544348
0.3333721457262261	0.3332519923535335	0.33337586192024055
0.33337667422790174	0.3332343270093533	0.3333889987627451
0.3333815517894665	0.33323609527519754	0.3333823529353361
0.3333736692055904	0.3332489940021214	0.3333773367922883
0.3333822778468562	0.33323224504824567	0.33338547710489824
0.33338558073997115	0.3332270887748966	0.33338733048513236
0.3333798112874415	0.33323193977228316	0.33338824894027547
0.33337436251948027	0.3332374226007548	0.33338821487976505
0.33337311682322224	0.3332398311778359	0.333387051998942
0.33337437230011796	0.33324981065719916	0.333375817042683
0.3333760871111788	0.33323652725391223	0.33338738563490916
0.33338309401648525	0.3332401131166736	0.3333767928668412
0.33337120716930085	0.3332500073914174	0.33337878543928184
0.3333758107733404	0.33324552776158517	0.33337866146507456
0.33337974809044224	0.3332387666484543	0.33338148526110356
0.3333816842357604	0.3332304945692956	0.3333878211949441
0.33338140497372054	0.33322902691162	0.33338956811465953
0.33338562732591814	0.33322576012089145	0.3333886125531905
0.3333851213061745	0.3332279236265959	0.3333869550672297
0.3333827465854336	0.33323179514364887	0.33338545827091765
0.3333800016125793	0.33323220355702116	0.33338779483039965
0.3333781979435711	0.3332362834341835	0.3333855186222455
0.33337217190273327	0.33324068523232425	0.3333871428649426
0.33337789365066994	0.33323834444167666	0.3333837619076535
0.33337582516683634	0.33324859550103764	0.3333755793321261
0.3333763296953125	0.33323959153778576	0.33338407876690185
0.33337288992702113	0.33324042795587977	0.33338668211709926
0.3333840426920285	0.33323842576686474	0.3333775315411069
0.3333730048307576	0.3332442554332859	0.3333827397359566
0.33337460558197785	0.33323672334411336	0.3333886710739089
0.3333732145179314	0.333239146011961	0.33338763947010774
0.3333814766175054	0.333239827757585	0.33337869562490974
0.3333804033041618	0.3332393230485133	0.33338027364732503
0.3333784786368289	0.3332408069188788	0.33338071444429235
0.3333710083626986	0.3332416366385207	0.3333873549987808
0.33337703041223327	0.3332425884431388	0.33338038114462804
0.33338266140909656	0.333227550881675	0.33338978770922856
0.3333711255000904	0.33325000269951627	0.3333788718003934
0.3333758838385018	0.3332415397819262	0.3333825763795721
0.33337929057001436	0.333231554003261	0.33338915542672476
0.33337939640286696	0.33323439711020436	0.3333862064869288
0.33337695802776135	0.33324105765456247	0.33338198431767624
0.33337174258432	0.3332481316202342	0.3333801257954459
0.333381873766614	0.3332431123171932	0.3333750139161929
0.3333804022416894	0.33323177499789786	0.33338782276041284
0.33337257438416	0.3332387408374299	0.3333886847784102
0.3333842637769154	0.33322971343218166	0.33338602279090307
0.33338360711374	0.33323394700924364	0.3333824458770165
0.3333720288581057	0.33324835514860207	0.33337961599329236
0.3333825939966009	0.3332400870171547	0.3333773189862445
0.33338534709884554	0.33323669585279486	0.3333779570483597
0.3333800760403144	0.3332367669391267	0.33338315702055904
0.3333788715650319	0.33323354698307267	0.3333875814518956
0.33337520479165483	0.33323853685601684	0.3333862583523284
0.3333805883634041	0.3332429024226197	0.33337650921397627
0.33338094088731196	0.3332315550521405	0.33338750406054757
0.33337885891847996	0.3332383057289184	0.33338283535260177
0.3333742912315403	0.3332375094366627	0.33338819933179714
0.33338549689321445	0.33322861902589057	0.3333858840808951
0.3333828823269543	0.3332363827882444	0.3333807348848014
0.33337517620667306	0.3332414839795744	0.3333833398137526
0.33337452529973377	0.33325018546840246	0.3333752892318639
0.3333711534815865	0.33324175629157027	0.3333870902268434
0.3333847118650447	0.33323070907728575	0.33338457905766966
0.33337102251903056	0.3332526851677658	0.33337629231320376
0.33337428545390657	0.3332497454678802	0.3333759690782133
0.3333748663191818	0.3332428490006392	0.3333822846801791
0.3333814422265822	0.3332338974393891	0.3333846603340288
0.33337802027207747	0.33324195235521403	0.3333800273727086
0.33337383290898187	0.3332456703154598	0.3333804967755584
0.33338087835256314	0.33322978449003826	0.33338933715739877
0.3333777869136189	0.3332367099052746	0.3333855031811066
0.33338031436069043	0.33323320474350987	0.3333864808957998
0.3333851362582245	0.3332335198532002	0.3333813438885754
0.33338099871403726	0.3332296574638316	0.33338934382213126
0.3333726264327646	0.3332442082095184	0.3333831653577171
0.333380709020495	0.33323925980049235	0.33338003117901277
0.3333718390765266	0.3332522411411413	0.33337591978233216
0.33337106471146627	0.33324635792901264	0.33338257735952126
0.33337167854455374	0.333244461101135	0.33338386035431145
0.3333713635466071	0.33324888510854195	0.33337975134485104
0.3333827146399846	0.33323358917029555	0.33338369618971997
0.3333724174267998	0.33324567190631277	0.33338191066688755
0.33337598645730443	0.3332462644886175	0.3333777490540782
0.33337290760836835	0.3332386176982471	0.3333884746933847
0.3333739337408172	0.3332377817323958	0.3333882845267871
0.3333712871386805	0.333248104487195	0.33338060837412453
0.3333802094163343	0.33323753308950094	0.33338225749416484
0.33337913624656146	0.3332354582161303	0.33338540553730833
0.3333740513897121	0.33324164843265197	0.3333843001776361
0.3333783198825579	0.3332451141597778	0.3333765659576644
0.33337445036736046	0.3332461899842643	0.33337935964837534
0.33338425252160697	0.3332349862601481	0.33338076121824506
0.33338304381456635	0.33322968214084775	0.33338727404458596
0.3333801068064904	0.33323027049047016	0.3333896227030396
0.33337498987228503	0.33323677771980303	0.3333882324079121
0.3333727635836373	0.33325145228326203	0.3333757841331008
0.3333766858387418	0.3332379417956813	0.333385372365577
0.3333739254160072	0.33324087752203413	0.3333851970619588
0.3333817829876425	0.3332359601561767	0.3333822568561809
0.3333714595033699	0.33324942013023445	0.3333791203663958
0.3333746307973801	0.33324040240243535	0.33338496680018465
0.33337258442464357	0.3332424794230384	0.3333849361523181
0.3333799730686812	0.33323314882866767	0.3333868781026512
0.3333729643045423	0.3332403281591493	0.33338670753630856
0.333383315393308	0.3332360724017811	0.333380612204911
0.3333827840407933	0.33323740042991495	0.33337981552929186
0.33337198526292344	0.33324384011116803	0.3333841746259087
0.33337115281985197	0.33324757871500016	0.33338126846514804
0.333382231814873	0.33324056472081764	0.3333772034643095
0.3333763946660237	0.3332347636411364	0.33338884169284
0.33337171095128126	0.3332516555080831	0.33337663354063574
0.3333780793471239	0.33324290288291997	0.33337901776995627
0.33337895791275085	0.3332446919939036	0.33337635009334565
0.33338202804460365	0.3332325957559012	0.33338537619949526
0.33337512912537876	0.33324344735542333	0.33338142351919803
0.33338365269223214	0.33323935258157295	0.3333769947261951
0.3333785222014281	0.33324003211336084	0.33338144568521116
0.3333778202570803	0.3332393328054873	0.33338284693743253
0.3333829020833109	0.33323891172824815	0.3333781861884411
0.33338378403136687	0.33322811008379155	0.33338810588484175
0.3333811014532168	0.33323231432682177	0.3333865842199615
0.3333849457917516	0.3332337881288389	0.3333812660794096
0.33338592074564877	0.33323440220107586	0.3333796770532755
0.33337281985581674	0.33324486995139335	0.33338231019279
0.3333838052066342	0.3332293511372996	0.3333868436560663
0.33337283313644284	0.33324016217061525	0.333387004692942
0.33337641934123297	0.3332443747911722	0.33337920586759495
0.3333774643803532	0.33323351494212566	0.33338902067752124
0.3333781545416608	0.3332433366036609	0.3333785088546784
0.3333816371431592	0.3332333074103862	0.3333850554464547
0.3333808507932189	0.33323757065652154	0.33338157855025974
0.33337904728986933	0.33323185085323326	0.3333891018568975
0.33337914057998747	0.3332382591883581	0.33338260023165456
0.3333723911644214	0.3332455745874644	0.33338203424811436
0.33338079097295215	0.3332312802176977	0.33338792880935025
0.3333731553645617	0.3332445111216652	0.3333823335137732
0.33337464781322595	0.3332367994561659	0.33338855273060825
0.33338391825783514	0.3332272925979411	0.33338878914422393
0.33338520653375436	0.33323128004779956	0.3333835134184462
0.3333732049641919	0.33324816218521663	0.33337863285059155
0.3333730536956952	0.3332461157531146	0.3333808305511904
0.33337399844566334	0.3332465534241562	0.33337944813018056
0.3333773954241678	0.3332412753205867	0.3333813292552456
0.333383061284169	0.3332314594226938	0.33338547929313733
0.3333825665531478	0.3332318347857296	0.3333855986611227
0.33338215880137023	0.33323029303208174	0.33338754816654814
0.33338585223605866	0.33323190627077476	0.33338224149316675
0.33338502645411877	0.33323196783125564	0.3333830057146257
0.33337971762402785	0.3332442424189696	0.3333760399570026
0.33337419508502275	0.33324928213352145	0.3333765227814559
0.33337107241052305	0.3332436439588114	0.33338528363066566
0.33337283032031334	0.33324071667532007	0.3333864530043667
0.33337860192576085	0.3332462188437837	0.3333751792304555
0.33337136652038896	0.33324457844449085	0.3333840550351203
0.3333796150999448	0.33323978789917813	0.33338059700087724
0.33337117084241513	0.33324991126249837	0.3333789178950866
0.3333843368487715	0.3332358485319018	0.33337981461932675
0.33337283620981006	0.33325010099604657	0.3333770627941434
0.33338506597230316	0.3332255960156919	0.33338933801200504
0.33337233625256496	0.3332517634076187	0.3333759003398164
0.3333723647833163	0.3332480933479921	0.33337954186869173
0.3333722135359796	0.3332467678771167	0.3333810185869038
0.33338345202840397	0.333239695809818	0.3333768521617781
0.3333747262323089	0.33324354065585626	0.33338173311183494
0.33338354374357865	0.3332286345213122	0.3333878217351093
0.3333775941524554	0.33324140272913505	0.3333810031184096
0.33338582516334053	0.3332318993015776	0.33338227553508204
0.33337331859130664	0.3332482216228792	0.33337845978581426
0.33337664995256533	0.333241545335432	0.3333818047120028
0.33337474615467455	0.33323755164053265	0.3333877022047929
0.3333772955918833	0.3332426032416584	0.33338010116645844
0.33337729058063353	0.3332334746936176	0.333389234725749
0.3333780924123569	0.33323397429365803	0.3333879332939852
0.3333822830254599	0.3332324184212093	0.3333852985533309
0.33338423832494246	0.3332392456795668	0.3333765159954908
0.333373765537739	0.33323933280737106	0.33338690165489004
0.33338157365567733	0.3332341054477865	0.33338432089653625
0.3333765003961675	0.33323580798755104	0.33338769161628157
0.33337395982608914	0.33324104328254595	0.333384996891365
0.3333730271095394	0.33323916547709576	0.33338780741336493
0.33337423850453957	0.33323830882256716	0.33338745267289344
0.3333787910855961	0.3332423771957675	0.3333788317186365
0.33337384403143555	0.3332453569946123	0.3333807989739523
0.3333805237081963	0.3332317725382114	0.3333877037535924
0.33337775760134636	0.33323864517259166	0.3333835972260621
0.3333752294769557	0.3332386405235788	0.3333861299994656
0.33338085450942817	0.33323901590183624	0.33338012958873575
0.3333809122360208	0.33324355114214277	0.33337553662183655
0.3333835551399643	0.33323701838365505	0.3333794264763808
0.3333803628370381	0.33323652057822956	0.33338311658473246
0.33338542854290043	0.3332256009642171	0.3333889704928826
0.33338413491387364	0.3332270189539325	0.333388846132194
0.3333838193947932	0.33323425945737806	0.33338192114782883
0.33337370118386106	0.3332487397403227	0.33337755907581634
0.333376504518792	0.33323719480311154	0.33338630067809655
0.33338076105872005	0.3332293104006566	0.33338992854062344
0.3333855439613102	0.33323271692453604	0.33338173911415386
0.3333825747334771	0.33323718176324757	0.33338024350327544
0.333371256787995	0.3332394325982458	0.3333893106137593
0.3333736378282926	0.33324411141406446	0.33338225075764305
0.3333758663758175	0.33323821406287	0.3333859195613126
0.33337932082153415	0.333233057892599	0.33338762128586696
0.33338059538244097	0.33323764915905785	0.33338175545850135
0.33338043345676893	0.33323545367827523	0.333384112864956
0.33337876261235827	0.33323986030885144	0.3333813770787904
0.33337730875197524	0.3332332390624769	0.33338945218554794
0.3333779788497888	0.3332359502061718	0.3333860709440395
0.3333723886099233	0.3332418715519298	0.333385739838147
0.3333857225156319	0.3332314200625103	0.3333828574218579
0.33337389687044683	0.3332440590484429	0.3333820440811104
0.3333798765434445	0.3332382609131461	0.3333818625434095
0.33337244066199345	0.3332412061396394	0.33338635319836724
0.33338110044332214	0.3332301749044088	0.3333887246522691
0.3333716110246858	0.3332481435092566	0.3333802454660577
0.33337218593353163	0.33325080207846963	0.33337701198799885
0.33337217582155465	0.3332527899583334	0.33337503422011205
0.33337623367540203	0.3332344685142275	0.3333892978103706
0.33338456310940195	0.3332346231768382	0.33338081371375994
0.33338580191357636	0.33322569400201024	0.3333885040844135
0.3333837494437825	0.33322813061785284	0.33338811993836476
0.33337973546708805	0.3332394024548094	0.3333808620781027
0.33337609555568676	0.3332410643997483	0.3333828400445651
0.33338556326405594	0.3332264015761389	0.33338803515980525
0.33337247856856506	0.33324263706350005	0.333384884367935
0.33337483082872105	0.3332471139711822	0.3333780552000969
0.3333747961947007	0.3332412562853273	0.33338394751997213
0.3333823806136153	0.3332396001257803	0.33337801926060456
0.33338010409221686	0.33323728827892646	0.3333826076288568
0.3333728973210833	0.3332420805348909	0.33338502214402593
0.33337339796264903	0.3332497833430814	0.3333768186942696
0.33338465993956845	0.3332353679090974	0.33337997215133425
0.3333711936026801	0.3332426098118805	0.33338619658543955
0.3333748698535513	0.3332465751006462	0.3333785550458026
0.33337853763442327	0.3332456287540243	0.3333758336115526
0.3333722994030544	0.3332444315290037	0.33338326906794197
0.33338050639194133	0.3332302676169053	0.3333892259911535
0.3333798978796666	0.33324105280604405	0.33337904931428947
0.33337617811073306	0.3332475165518977	0.33337630533736934
0.33337324450540906	0.33324309632965177	0.3333836591649393
0.33337663060619976	0.3332388126935745	0.33338455670022576
0.3333845664523269	0.33322675557714204	0.3333886779705312
0.3333788995713768	0.3332379291417038	0.3333831712869195
0.33337817974049155	0.3332390587338977	0.33338276152561086
0.3333850463098987	0.33323787477887096	0.3333770789112304
0.33338077822508994	0.3332418251659907	0.3333773966089195
0.3333829042536639	0.33323755346901524	0.333379542277321
0.3333856012183468	0.333238384730635	0.3333760140510183
0.3333778068419305	0.33323424417154407	0.3333879489865255
0.33337968704386	0.33324359568083683	0.3333767172753032
0.33337386285497517	0.33323799958342437	0.3333881375616006
0.33338212737907236	0.33323534239755426	0.3333825302233735
0.33338513413464527	0.3332278322786411	0.33338703358671373
0.33337797305102257	0.33323617001457734	0.33338585693440015
0.3333857641477284	0.3332361241585643	0.33337811169370735
0.33338157061658386	0.33323611720704704	0.33338231217636916
0.3333718301043463	0.3332449670952581	0.33338320280039574
0.33337644480290946	0.33324061462512106	0.3333829405719696
0.33337579944827206	0.33323801141008613	0.3333861891416419
0.3333741577131704	0.33324384322209	0.3333819990647397
0.33337875504486647	0.33324430064638905	0.3333769443087446
0.33337860531388536	0.33324335053914744	0.3333780441469673
0.33338588331354735	0.3332335620138952	0.33338055467255756
0.33338122013480176	0.3332355496075214	0.33338323025767697
0.3333830840320869	0.3332293438904238	0.3333875720774894
0.33337670706038225	0.3332415960352303	0.33338169690438757
0.33338274012915026	0.3332361403303265	0.33338111954052335
0.33338373078018885	0.33322654776085586	0.3333897214589554
0.3333856566346212	0.33322868679414014	0.33338565657123875
0.33337282901080717	0.33324405845231586	0.3333831125368771
0.3333712204927332	0.3332445012894351	0.33338427821783184
0.33338011047115645	0.33323696983709056	0.3333829196917531
0.33337318671595834	0.33324347847207936	0.3333833348119624
0.333385162142647	0.33323859732519956	0.3333762405321536
0.3333812754299736	0.3332296455480053	0.3333890790220212
0.33338338609571244	0.33324112237299724	0.3333754915312904
0.33338436218323686	0.3332278657535358	0.33338777206322745
0.3333831445536074	0.3332285507509202	0.3333883046954724
0.3333830646911726	0.3332319788324283	0.3333849564763992
0.3333742397518546	0.3332430611592518	0.3333826990888938
0.333379621789341	0.33323235683398406	0.33338802137667506
0.33337994817783606	0.33323969336954695	0.3333803584526171
0.3333794684577055	0.3332330849041711	0.33338744663812353
0.3333742592450913	0.33324119899850985	0.3333845417563989
0.3333812772876597	0.33323184741179956	0.3333868753005408
0.3333806809028108	0.3332400346369584	0.3333792844602309
0.3333723787205761	0.3332461002984516	0.3333815209809724
0.33337346763077563	0.3332409582538003	0.3333855741154242
0.3333723385056824	0.3332423248267203	0.33338533666759745
0.3333846673753569	0.33323096416210174	0.3333843684625415
0.33337304728264794	0.3332404665699186	0.3333864861474336
0.33337477823808254	0.33323530280391767	0.3333899189579999
0.33337324644407285	0.3332438719865499	0.3333828815693774
0.3333822850204392	0.3332373460071229	0.33338036897243795
0.33338316176953836	0.33322780062152924	0.3333890376089325
0.33338550132090194	0.3332318548307695	0.33338264384832866
0.33337621741765827	0.33324660985159393	0.3333771727307479
0.3333841693235013	0.33322802329658213	0.33338780737991663
0.3333794213358882	0.3332359081786318	0.3333846704854801
0.3333838239518515	0.3332393992334828	0.3333767768146658
0.3333829233144897	0.3332393594024926	0.33337771728301774
0.33338438208280735	0.33322748887990894	0.3333881290372838
0.3333779709792443	0.3332356326741831	0.33338639634657263
0.33337499957192945	0.3332358887592654	0.33338911166880525
0.33337960695686425	0.33324295046852276	0.3333774425746131
0.33337593841604163	0.333242170916627	0.3333818906673315
0.33337306599187183	0.33323925811227906	0.3333876758958492
0.3333851271139606	0.333236237163651	0.3333786357223885
0.333377053619635	0.3332464194608941	0.333376526919471
0.33338192921020754	0.33322911605969935	0.3333889547300932
0.33338529786243076	0.3332351743593224	0.333379527778247
0.3333841363347684	0.333239693663708	0.33337617000152375
0.3333800574196145	0.3332353922639466	0.333384550316439
0.3333824620768861	0.3332349211831933	0.33338261673992076
0.3333820030347475	0.3332291266770891	0.3333888702881635
0.33337283428689357	0.33324004418162917	0.33338712153147737
0.33337635552357614	0.3332342694380361	0.3333893750383879
0.33337333834420624	0.33325006111248207	0.3333766005433118
0.33338108893632357	0.3332354172715925	0.33338349379208404
0.33337895392385347	0.3332332463258723	0.3333877997502743
0.3333827550623663	0.333234863417227	0.3333823815204067
0.33337684275460716	0.33324537266060744	0.3333777845847855
0.3333734233052825	0.3332502080688077	0.3333763686259099
0.3333745825124886	0.333238947885484	0.3333864696020275
0.3333837360350085	0.33322855534828877	0.33338770861670286
0.33337272956010666	0.333240318504701	0.33338695193519247
0.3333763048807805	0.33323892973378466	0.33338476538543493
0.3333813719738756	0.3332286954296762	0.3333899325964483
0.33337674226565067	0.3332423441190021	0.3333809136153473
0.3333831144004299	0.3332351111227382	0.33338177447683204
0.33338579527088064	0.3332348589424692	0.3333793457866503
0.333373332943865	0.3332471520753826	0.33337951498075247
0.33337132186756685	0.3332499843429133	0.33337869378951995
0.3333766674757331	0.3332334700835569	0.3333898624407101
0.3333750863200627	0.33324569215164496	0.3333792215282925
0.33338044591219906	0.3332428638996046	0.33337669018819643
0.3333739926943889	0.3332403364671142	0.3333856708384971
0.3333784567679162	0.33324599228945334	0.33337555094263055
0.3333773410881946	0.33324261357227886	0.33338004533952664
0.3333732457402603	0.3332428405893374	0.33338391367040243
0.333373950493504	0.3332458748984574	0.3333801746080387
0.3333782579145394	0.333234185976448	0.33338755610901266
0.33337451601847085	0.3332414437595636	0.33338404022196566
0.3333805411729678	0.33324373806704816	0.3333757207599842
0.3333839388173511	0.33322728799916373	0.33338877318348525
0.33337342352321303	0.3332508673654152	0.3333757091113719
0.33337225091690337	0.33323806595192923	0.3333896831311675
0.3333725882696466	0.33324542101109317	0.3333819907192603
0.3333847109555127	0.33323463400596665	0.3333806550385208
0.33337482707015564	0.3332364485563	0.33338872437354444
0.3333798866529926	0.3332346553803143	0.33338545796669317
0.3333761075851369	0.3332426104929292	0.333381281921934
0.33337968806189555	0.33323334822255535	0.3333869637155492
0.33337635658642245	0.3332343568447929	0.33338928656878475
0.33338464725665684	0.33323155060503473	0.33338380213830854
0.33338434753094504	0.3332270226397807	0.3333886298292743
0.33338301265332154	0.3332346900010758	0.3333822973456028
0.33337574929460717	0.3332434325138514	0.33338081819154153
0.3333779194985005	0.33324445495049365	0.333377625551006
0.33338001056853495	0.33323557409924587	0.3333844153322193
0.3333798736375193	0.3332419687871866	0.3333781575752942
0.333378122668039	0.3332343892538427	0.3333874880781184
0.3333755991830231	0.33323822873411063	0.3333861720828664
0.3333811975796671	0.33324321787645306	0.33337558454387994
0.3333794888871953	0.3332356571906522	0.33338485392215267
0.3333734206115652	0.3332370500736795	0.3333895293147554
0.33338552158186907	0.3332256787807884	0.3333887996373427
0.33338189925761763	0.3332321187765167	0.3333859819658657
0.33337320672032583	0.3332452228193935	0.33338157046028083
0.3333838611116779	0.33322742565780766	0.33338871323051456
0.3333814302816313	0.3332334394479517	0.3333851302704171
0.3333764913731113	0.3332367333547394	0.3333867752721494
0.333371870045017	0.3332456213748724	0.3333825085801107
0.33337208279122743	0.33325097485859384	0.3333769423501788
0.33338133487734084	0.33324241153214673	0.3333762535905126
0.33338365172944573	0.333231733780321	0.3333846144902334
0.33337273438992243	0.33324049302980496	0.33338677258027277
0.33337895714435034	0.3332364834708754	0.33338455938477435
0.3333842208511536	0.3332271178011882	0.3333886613476583
0.33337270327947954	0.33324358995240294	0.3333837067681176
0.3333841553043933	0.33322916852489026	0.33338667617071654
0.3333800055008368	0.3332401753787004	0.33337981912046294
0.3333846342459456	0.33322791656142636	0.33338744919262814
0.33337672977824734	0.3332480550664866	0.33337521515526614
0.333375317617722	0.33324893524938987	0.33337574713288826
0.3333734137109298	0.3332385029718393	0.33338808331723097
0.33338392817449247	0.3332282891525689	0.33338778267293867
0.33338024866125004	0.3332353357762841	0.33338441556246595
0.33338282268432873	0.3332408500287364	0.333376327286935
0.3333727859443436	0.3332498869324172	0.3333773271232393
0.33338582340635026	0.33322922449739445	0.3333849520962554
0.3333849839851241	0.3332303599412033	0.33338465607367274
0.33338240999116453	0.33322941092245584	0.3333881790863797
0.33338179481561886	0.33324319746605413	0.3333750077183272
0.33337852722276545	0.3332365269544567	0.3333849458227779
0.3333723184913796	0.33325143555634884	0.33337624595227167
0.3333716674066826	0.3332386636372892	0.33338966895602823
0.33338533779828966	0.33323805370035975	0.3333766085013507
0.33337603625292794	0.3332358854881515	0.3333880782589207
0.33337467692426	0.3332418326196863	0.3333834904560538
0.3333840585204535	0.333232061679897	0.3333838797996496
0.33337147427273783	0.3332460137950497	0.3333825119322126
0.3333796334261005	0.3332437244873485	0.3333766420865511
0.33338051190859636	0.3332315984941386	0.3333878895972652
0.33337865334272815	0.3332459801548678	0.3333753665024042
0.33337687399081334	0.3332351379763028	0.333387988032884
0.33337182015372496	0.3332384098745907	0.33338976997168446
0.3333743650357707	0.3332477654137108	0.3333778695505185
0.3333719358205339	0.33323907556194415	0.33338898861752203
0.33337383375706725	0.3332482124220505	0.33337795382088237
0.333381452365507	0.3332330971666614	0.33338545046783175
0.3333735316682657	0.33325100664729	0.3333754616844444
0.33338101000008996	0.3332378329036585	0.3333811570962516
0.33338154474735987	0.3332285627045912	0.33338989254804896
0.33337339441381597	0.3332453016921433	0.33338130389404086
0.3333742420583298	0.3332408273823981	0.33338493055927226
0.3333850341906146	0.3332302182678644	0.33338474754152103
0.33338264017868807	0.3332406174650837	0.3333767423562283
0.3333755091198543	0.3332347788970337	0.3333897119831121
0.33338109393479004	0.33323494604159726	0.3333839600236128
0.3333846277316322	0.33323360729288914	0.3333817649754788
0.3333771753879926	0.33323390982214135	0.33338891478986615
0.3333798882713687	0.3332438050753971	0.3333763066532343
0.3333819434623884	0.3332412811872417	0.33337677535036997
0.3333741574085892	0.3332476130188913	0.33337822957251967
0.33338449472911325	0.3332273680743571	0.33338813719652977
0.3333762478814238	0.33324565082565655	0.3333781012929198
0.33338390524585715	0.3332343217157716	0.33338177303837135
0.3333794005306616	0.3332369926076166	0.33338360686172197
0.3333738301241339	0.33324674863901355	0.33337942123685266
0.3333742846214942	0.3332376158384168	0.3333880995400891
0.333379392356027	0.33323560777092237	0.33338499987305076
0.33338035510351843	0.3332444242447773	0.3333752206517044
0.3333826330893916	0.33322913977232443	0.3333882271382841
0.3333746714289071	0.3332417224207812	0.3333836061503119
0.333376207583064	0.33324429101348796	0.33337950140344813
0.33337721835009265	0.33324493506759123	0.33337784658231623
0.33337788174651745	0.3332430621358717	0.333379056117611
0.333380340687401	0.333235855011216	0.3333838043013831
0.3333718394545423	0.33325015831936305	0.33337800222609476
0.33338072303531135	0.333235072093905	0.33338420487078374
0.3333713358616214	0.3332411899162786	0.33338747422210013
0.33338434017084106	0.33323941666744034	0.33337624316171866
0.3333812718025573	0.33323268115606736	0.3333860470413755
0.33337684615937396	0.333235142949777	0.3333880108908491
0.33337971247251036	0.333232870664467	0.33338741686302276
0.33338426406435434	0.33322614727437344	0.33338958866127233
0.33337187584477573	0.3332515461716129	0.3333765779836115
0.3333726940880709	0.33325180898015505	0.33337549693177415
0.3333761457207686	0.33324073702647017	0.3333831172527613
0.33337332594776214	0.33325160340347626	0.3333750706487617
0.3333811036414594	0.3332352834019994	0.33338361295654123
0.3333842201380189	0.3332349084890788	0.33338087137290245
0.3333858451389703	0.3332373967579384	0.3333767581030915
0.3333839358390034	0.33322724529650677	0.33338881886448996
0.3333771538717465	0.33323900744368806	0.3333838386845655
0.3333848803980427	0.33323911238209164	0.33337600721986577
0.33337830350493863	0.33323476783791744	0.3333869286571441
0.33338121406133314	0.33324216404504864	0.33337662189361833
0.33337751858529324	0.3332416915446493	0.3333807898700576
0.3333819933184823	0.33323648630336483	0.333381520378153
0.3333731241894746	0.33324230440029523	0.3333845714102302
0.33337190403118533	0.33324506047033464	0.33338303549848014
0.33337529767075147	0.33324648305481575	0.33337821927443295
0.3333803170722682	0.3332435291164711	0.3333761538112608
0.3333800815116153	0.33324339676065007	0.33337652172773474
0.3333826093702836	0.33323801437827794	0.3333793762514386
0.33337389402173706	0.3332496842264398	0.33337642175182325
0.3333736094695292	0.33324254325972025	0.33338384727075066
0.333379099297456	0.33323729876167796	0.33338360194086614
0.33337329893340584	0.3332399020793637	0.33338679898723056
0.33338510423165496	0.333237250681106	0.33337764508723916
0.33338415273242533	0.333238407373943	0.3333774398936318
0.333382182166883	0.33323562951244284	0.3333821883206743
0.33338102953724535	0.3332319737471524	0.3333869967156023
0.3333821110625837	0.3332388039428192	0.3333790849945973
0.33337552415093996	0.3332385630496174	0.33338591279944274
0.3333851722887337	0.33322659616765105	0.33338823154361535
0.33338489671788085	0.33322809004603476	0.33338701323608455
0.3333838928113604	0.33323661067635596	0.33337949651228377
0.3333820954227364	0.3332352129195811	0.3333826916576827
0.3333716220569627	0.3332418111369998	0.3333865668060376
0.3333823526004453	0.3332317255856834	0.3333859218138714
0.3333854879579873	0.3332279858872189	0.3333865261547939
0.33338234955871016	0.33324145748467987	0.33337619295661003
0.33338022181672183	0.3332363679525259	0.33338341023075235
0.333377920168887	0.3332347439615183	0.33338733586959474
0.33337226088499333	0.3332520551462927	0.33337568396871414
0.3333742275759941	0.3332471629129057	0.33337860951110027
0.3333815065135826	0.33323783995746253	0.333380653528955
0.3333802277385247	0.33324041708818924	0.33337935517328615
0.3333816247647194	0.33323998216926837	0.3333783930660124
0.33338147675425306	0.3332334167960251	0.33338510644972197
0.3333729127079562	0.33325026925815404	0.3333768180338899
0.333372355246553	0.33324151332484137	0.3333861314286057
0.3333763909349027	0.33324119964093935	0.3333824094241581
0.3333731997560711	0.33324041106391766	0.33338638918001134
0.33338270976873086	0.3332410083093721	0.3333762819218971
0.3333830315350903	0.33322730925245964	0.3333896592124502
0.3333802260085929	0.3332362746492394	0.3333834993421678
0.3333715938131939	0.33324059716588494	0.33338780902092124
0.33337802060361166	0.3332376440827688	0.33338433531361966
0.3333806177870526	0.3332309375635164	0.3333884446494311
0.3333780135263777	0.3332333701140872	0.3333886163595352
0.33337944217680654	0.3332365334910737	0.3333840243321199
0.3333740328718449	0.3332420257188001	0.3333839414093551
0.3333746017791021	0.33324346481755796	0.3333819334033401
0.3333839287135546	0.33323384988018157	0.33338222140626395
0.33337177486302444	0.33324112631995684	0.3333870988170188
0.33338103138657293	0.33324110815323443	0.33337786046019274
0.33338070260790087	0.33323848028363834	0.33338081710846096
0.33337607337818986	0.3332393635969587	0.33338456302485153
0.333378837232242	0.3332451837335015	0.33337597903425664
0.3333737595521264	0.3332466526685871	0.3333795877792866
0.3333732188594923	0.33324416939100227	0.3333826117495055
0.33338100612967314	0.3332338410728191	0.33338515279750786
0.3333823500282742	0.3332367895155627	0.3333808604561632
0.3333821882011233	0.33323280121591914	0.33338501058295766
0.333375689720704	0.33323981826694443	0.33338449201235165
0.3333839565334461	0.33323131392143324	0.3333847295451208
0.3333710624760535	0.33323895286965444	0.33338998465429215
0.33337343150946175	0.3332475691161181	0.3333789993744202
0.3333738260255267	0.33324710602953483	0.33337906794493866
0.3333715320870765	0.3332502789793259	0.3333781889335978
0.3333847599078199	0.3332289022189581	0.3333863378732221
0.3333760963276728	0.3332343402206857	0.33338956345164156
0.3333743283864006	0.33324298462811514	0.33338268698548434
0.33337125757686636	0.33324688108911316	0.3333818613340206
0.33337657695195777	0.3332422048276797	0.3333812182203627
0.333375649747667	0.33324134410240125	0.3333830061499319
0.33338227229617184	0.333227902514692	0.33338982518913635
0.3333725722259179	0.33324601898183703	0.3333814087922452
0.3333802324563905	0.33324421888244243	0.33337554866116714
0.33338328966522374	0.3332356977070286	0.3333810126277478
0.33337830397966467	0.33324615219136383	0.3333755438289716
0.33337597422263404	0.33323899031527193	0.33338503546209414
0.3333723413708762	0.33324259515748833	0.3333850634716356
0.3333727514520804	0.33325146030376757	0.33337578824415215
0.3333793528283615	0.333242779653336	0.3333778675183027
0.33337684191630806	0.3332375681366034	0.33338558994708867
0.33337970666287925	0.33323130487667924	0.3333889884604416
0.333374681094874	0.33325002704674295	0.33337529185838316
0.33337678807181453	0.3332336730035797	0.3333895389246059
0.3333852228454134	0.33322843200712554	0.33338634514746124
0.33338584942404337	0.3332253225104147	0.333388828065542
0.3333793133325694	0.3332444452753387	0.333376241392092
0.33338591387825717	0.3332350708319324	0.33337901528981057
0.3333808708619964	0.33323543086625074	0.33338369827175296
0.33337158402055267	0.33324253789514785	0.3333858780842996
0.33337823656266513	0.33324393777830047	0.3333778256590345
0.33337579086990904	0.33324669798723106	0.33337751114285996
0.3333784728063851	0.3332461427574801	0.3333753844361349
0.3333729465653535	0.3332426228493485	0.3333844305852981
0.33337559423229124	0.3332449124624557	0.3333794933052532
0.3333816782245966	0.3332287023739304	0.33338961940147316
0.3333795935137247	0.33323173098372877	0.33338867550254664
0.3333856591030848	0.3332266723997378	0.3333876684971775
0.3333830798399562	0.33323136586871255	0.3333855542913314
0.33337807413444753	0.3332340911536418	0.3333878347119108
0.33337515806886975	0.3332416214893316	0.33338322044179874
0.33338218683466264	0.33323661780258296	0.3333811953627545
0.3333825162179877	0.3332296605145129	0.3333878232674995
0.3333771205417457	0.3332445011245692	0.3333783783336852
0.33338292659969937	0.33323993752934783	0.3333771358709529
0.33338173227081747	0.3332385476383134	0.3333797200908693
0.33338058202127874	0.3332295845157376	0.3333898334629838
0.33338456645867554	0.33323394497323444	0.33338148856809013
0.3333725135579872	0.33324225444456723	0.3333852319974457
0.33337566104448446	0.3332476373904447	0.33337670156507093
0.3333802437691655	0.33324448892575587	0.33337526730507877
0.3333739642342673	0.3332496327776292	0.3333764029881036
0.333378745457049	0.33323256211321395	0.3333886924297372
0.3333820257401958	0.3332332902624527	0.3333846839973516
0.3333718112948808	0.33324966404332007	0.33337852466179924
0.33337860997930263	0.33324576286725555	0.3333756271534419
0.33337292089210324	0.33323827089644736	0.3333888082114495
0.3333813319672797	0.3332340395829788	0.3333846284497416
0.33337692181903755	0.33323953296993175	0.3333835452110308
0.33337656189102904	0.3332406393967462	0.33338279871222487
0.33337961636965063	0.33324124966104496	0.3333791339693045
0.3333820708680825	0.3332351663553858	0.3333827627765318
0.3333831955986282	0.3332338118312695	0.3333829925701024
0.3333853389333179	0.33323256099114723	0.3333821000755349
0.3333816840907791	0.33323982278835057	0.3333784931208704
0.3333810517831928	0.3332339115067276	0.33338503671007974
0.33337368077273405	0.33324394251766354	0.33338237670960247
0.3333769594979426	0.3332383993353319	0.3333846411667256
0.33338328498951225	0.3332275309451177	0.33338918406537016
0.3333769070548532	0.3332403595486811	0.33338273339646585
0.33337217590933754	0.33324422213643573	0.33338360195422684
0.33337140270889193	0.33324350614528503	0.33338509114582315
0.3333784891427925	0.3332319050643023	0.3333896057929054
0.3333763613722475	0.33323636950235075	0.33338726912540184
0.3333788049657474	0.3332436416954352	0.3333775533388175
0.333383199027674	0.33323184846238685	0.3333849525099392
0.3333838405046337	0.33322931118043253	0.33338684831493387
0.3333724173911154	0.3332432704385937	0.333384312170291
0.3333800436464329	0.3332419286390924	0.3333780277144747
