0.09386528114779558	0.053456614352528534	0.03968037510472644	0.10805796829704123	0.12555411748280496	0.019730122638778408	0.31382254051584985	0.2458329804604748
0.3567863093648987	0.17122075796852598	0.05525428006670198	0.07385632787929852	0.014358896481845837	0.0710706505770261	0.2121961504438667	0.04525662721783591
0.150440757335423	0.06469705053444103	0.030839408710849406	0.2332532814834266	0.06170041283918988	0.21051994515851613	0.04121808873437574	0.20733105520377795
0.05365470101637748	0.036503502035496224	0.3001592428754727	0.13297027510495374	0.03222904290232333	0.19238771047133918	0.14992917569570505	0.1021663498983321
0.3968154161249996	0.15629300519236644	0.022575935848821477	0.02270839230728408	0.07804289508946832	0.024591834460437723	0.06904700991946908	0.22992551105715298
0.2204927446030423	0.21464696145425574	0.011306976225300289	0.03843108632778505	0.13839174533081877	0.234389156473923	0.049043393860905324	0.09329793572396922
0.038052692922752096	0.20374372923104528	0.009505426411381565	0.19283530821739178	0.029846556480078112	0.18600753586584468	0.29410189527487834	0.04590685559662791
0.008976549897337968	0.009120480630617434	0.10444134711701944	0.07754298604004281	0.12202064777422145	0.38724337388046126	0.20480180285750968	0.08585281180278978
0.3049433850373896	0.058940963965751006	0.11439025609405339	0.13318059029375512	0.2425462750831514	0.0404526851141863	0.05468547776606131	0.05086036664565155
0.11765305556504173	0.13020176873327338	0.1478944268840706	0.03525843246515771	0.31402683495242667	0.016143153247515765	0.03804297711486454	0.20077935103764938
0.11292652945718043	0.09055837764448325	0.01621114711649972	0.2131650056941034	0.0017424589802930296	0.28433535070085825	0.0024494278200783703	0.2786117025865033
0.1281986525407184	0.08949689315353365	0.04356008814972398	0.025352779643935452	0.17706957544560625	0.37305440916648036	0.02572152528681862	0.1375460766131831
0.04045803044441426	0.19043879681384115	0.0613985076802923	0.10404932132948834	0.29970406585653553	0.22890371337023704	0.07095505478607747	0.004092509719113666
0.29755244839431705	0.022352767456816552	0.266524576840507	0.15780885103081413	0.014263894471079341	0.15422902014240564	0.04383811492191951	0.04343032674214048
0.047441344731399646	0.18274975270370403	0.0037147173829169405	0.19552213449981304	0.08816988118013333	0.0765635965765536	0.05571844022657964	0.3501201326988995
0.07952860686141688	0.27946742234959754	0.013006989169446842	0.050903938696607795	0.0697862056293407	0.13831594951473097	0.1805215070430502	0.18846938073580885
0.09721411973081491	0.14690193930198647	0.11869834402092402	0.337272130612858	0.05563133230287727	0.020294456513844622	0.07070817678599978	0.15327950073069468
0.0730173590122849	0.16347845230718855	0.5907429049561489	0.02939485614371333	0.00878959981213942	0.04967540224256997	0.015997935907075586	0.06890348961887899
0.3257955588988968	0.31817798405435804	0.1419034264371653	0.00433929163879028	0.1836523856139342	0.010232189511434855	0.011694842687510601	0.004204321157909696
0.008984139822668519	0.08798775258910467	0.07297161407916622	0.3166090272217177	0.06235938487504683	0.10303822082335143	0.11349773094358455	0.23455212964535993
0.3472474882503915	0.008631970648290743	0.030826476144409837	0.1186817312195199	0.12435321289143103	0.06451466130057157	0.013939081546080062	0.29180537799930517
0.06651954677089914	0.023154846521205544	0.15987246355402637	0.29719951485463203	0.1111777136180401	0.0010212580386000647	0.2649307222483284	0.07612393439426818
0.2650382960945876	0.18372828480981673	0.009454140776193262	0.04156031521759766	0.17547885815701614	0.05470381201390892	0.13835865197807928	0.1316776409528001
0.1555324399328605	0.20307561816754377	0.19504547790334495	0.11812486506773608	0.09423315187279627	0.061602511698873375	0.13368091927636275	0.038705016080482116
0.1380399227014809	0.16470091053770874	0.12385118266916892	0.008627904713865153	0.12391971298553109	0.2918142527540115	0.1420113138485381	0.007034799789695387
0.06512586550172969	0.1375304757144598	0.242280239392034	0.056445554666155306	0.12084117686172785	0.09012086577084727	0.1446934495422125	0.14296237255083338
0.1882745518443894	0.25910866597359344	0.01645709426056298	0.2856724777430437	0.09300218877027719	0.0015360804389641658	0.052943460962046246	0.10300548000712263
0.06389305370933665	0.0029272504951488726	0.01750691470784442	0.06776908801376037	0.14102329380225193	0.004270977782275989	0.18277311855177153	0.51983630293761
0.10509855761067986	0.03633840936938365	0.08848928910522456	0.24242827828440755	0.2362325772738704	0.05857494565006642	0.04960959040364936	0.183228352302718
0.0361841731834813	0.2204814675264825	0.3989279801874911	0.10478476637589314	0.008568834919221321	0.11131676794219084	0.11840830256163581	0.001327707303603709
0.03370433455720016	0.2046129617067526	0.350350369879878	0.09635478136502611	0.023735184594119246	0.05248884332349742	0.08916684186062684	0.1495866827128995
0.033781443593507585	0.1512375191643294	0.2304588406790591	0.026563830474714376	0.08100162699357127	0.12337353245804886	0.3415166318978907	0.012066574738878566
0.09026705886344363	0.6302309731512387	0.015026502447649193	0.03231736847421879	0.047884889668443315	0.06513330860300182	0.09953139130447142	0.01960850748753308
0.0071093456366270735	0.12323844038261506	0.24471201487568683	0.05096262281868502	0.16093266629895803	0.12205549761852422	0.13563578922032446	0.1553536231485791
0.1478270352614723	0.05486512954365541	0.12896351145138296	0.17468135161805065	0.22422884608251034	0.08369136564914542	0.1633903693675124	0.022352391026270263
0.15714614010625838	0.141972760513854	0.01086807016623019	0.009024086819619012	0.189694367514404	0.0701743597646409	0.3048029086170846	0.1163173064979087
0.08149677567857494	0.17960732471285595	0.1263597700459203	0.10359277521352273	0.023977958328420035	0.1404339753852856	0.0984411345351748	0.24609028610024541
0.2630896708732559	0.29665997356001705	0.1307135688508591	0.1247876677513484	0.015923347284945474	0.10207956993734163	0.017954726001074908	0.04879147574115726
0.012985004015787546	0.00691274730634088	0.01008419422632012	0.13819228549698956	0.040652090226271795	0.5169597040670264	0.256560993916107	0.017652980745156477
0.0985597502153524	0.05762134563727685	0.16691675748686363	0.028974812613780612	0.13057016488699386	0.35976704450019953	0.03593326957692285	0.12165685508261007
0.2821591143568021	0.03453204683371755	0.04974858563256766	0.0012217229412892633	0.11669259309282312	0.041547213066039895	0.3692732606546457	0.10482546342211452
0.33230435858011953	0.10286857478176661	0.2666962199397904	0.0024247901969967345	0.150863876798833	0.020106538228645	0.004557365157895454	0.12017827631595299
0.26044092676008523	0.002366594938241734	0.029513913517864143	0.04771530207730584	0.07154878176590518	0.21291214968699854	0.34945374444890787	0.026048586804691215
0.07829069902347702	0.05493804236623126	0.04454198674458634	0.002751207287775198	0.12460761218515737	0.1102438686877513	0.028649059872849575	0.5559775238321717
0.08832387385205115	0.45105859385969194	0.07146376605573798	0.03606617645880865	0.0934826205191275	0.11499113634008556	0.07491736816240549	0.06969646475209164
0.29572440151396107	0.1810666463036134	0.16242415984345382	0.10195556101772396	0.11663727489048653	0.07034479277452559	0.01721723892405784	0.05462992473217754
0.05558465131499091	0.04779604173913972	0.09625926438777271	0.008416154574894863	0.08212481050370274	0.03306033864427241	0.4265322473210207	0.25022649151420573
0.13850072636492708	0.09002330542284746	0.041663952478451255	0.02776672085118656	0.04726123838385739	0.17729081957737847	0.4403595005759814	0.03713373634537019
0.1601537293392309	0.0338671634041864	0.010100775000734974	0.05816866853570046	0.4798447507211383	0.007511958000980229	0.1567308462304365	0.09362210876759203
0.02176309954526441	0.1286643165109392	0.11836430938035279	0.028640459365216947	0.007857110728235778	0.31093987156541447	0.2341924716464622	0.14957836125811402
0.028935359532485577	0.4969849501127095	0.02517504773093883	0.030552926257146076	0.054244454425644587	0.09954342541283565	0.11238952989260306	0.15217430663563658
0.046255280706779034	0.08718465440142006	0.28072054922167533	0.24804852645774045	0.0026265725168018866	0.026410358340016704	0.1155516791799339	0.19320237917563243
0.052930774203825276	0.532500587279933	0.007454882847676758	0.20609764728033675	0.008408655156598749	0.032980754305620766	0.07309293020089515	0.08653376872511345
0.08079970596206719	0.08985184397786687	0.20747965077699354	0.07430383465117552	0.030256969716675172	0.2536484266720276	0.1339120480622134	0.1297475201809805
0.1124762049084639	0.06302468055694094	0.0409051629521143	0.20139375230532147	0.0057221475380354325	0.38566166263113966	0.034342386703475045	0.15647400240450904
0.04239207895994809	0.3193747337050359	0.1539124497490861	0.16894253735547188	0.2295439653472321	0.02757474777328707	0.029139416021107478	0.029120071088831204
0.05962199245702435	0.017584932638469414	0.05063047577538676	0.23326512279276637	0.30592567770301055	0.08641619959790807	0.2404390905026525	0.006116508532781756
0.05045698365024184	0.13748662984856413	0.11164012059059208	0.075978266593146	0.4141749102710629	0.07064587942215064	0.004839090027336679	0.1347781195969055
0.35028034232556526	0.23780709239223588	0.006096616339856198	0.3112980068549896	0.019866545544482195	0.0024331308053663347	0.06656173459989581	0.0056565311376085
0.3855422168379976	0.04901758269737409	0.018189831856476282	0.08376658375368014	0.005661094277913836	0.19150672362259002	0.0684014654400227	0.19791450151394507
0.15420516556579394	0.11711562910562637	0.013258013614370345	0.12412282085316727	0.06163245858794898	0.2785241203381992	0.10428102684775956	0.14686076508713414
0.31630309067279294	0.08593588424655914	0.09663118094685637	0.08841924283820676	0.04881596908891528	0.132993777119588	0.2045078235407884	0.026393031546292828
0.0933929816563653	0.011104641259282705	0.4573500943636024	0.1397602039224508	0.1633574632469095	0.022606803630271927	0.07489264963131123	0.03753516228980591
0.21067870468401634	0.33157656706042854	0.001567055638934764	0.1993367901693307	0.023717756377674648	0.11912843104572093	0.04883381712097269	0.06516087790292116
0.08779622902660927	0.5569854894318949	0.003397238953376694	0.07529966670431698	0.07811491433158596	0.12931357344761368	0.04498080891093567	0.024112079193666675
0.039592074110787134	0.2939541144014816	0.3818111485593091	0.045526924900866114	0.05232617636596962	0.0795285935915682	0.005976876837726491	0.10128409123229157
0.30800907942934436	0.05517463022816667	0.10246714524180425	0.29308403561877716	0.04182854800782734	0.015156190686632001	0.08096677918708134	0.10331359160036664
0.49349199023040957	0.029532046483154953	0.14766133672331763	0.004912154283412573	0.03188742716573596	0.03324878606814305	0.25833593826346934	9.303207823564974E-4
0.023683653550885683	0.19711442178907423	0.1213644484334876	0.1550716531006431	0.1538589814671018	0.1976856744820018	0.11911297074156486	0.03210819643524074
0.17775521664125543	0.07892551651013305	0.0323832880998621	0.3949877510591664	0.2617383501110234	0.045506203479354634	0.003488293776093332	0.005215380323111474
0.15307657694901228	0.15975276473699246	0.07578073517855141	0.16827583713145963	0.0074263597079840815	0.25704879103277456	0.07087422044149855	0.10776471482172678
0.0016159282024820754	9.875695321579087E-4	0.14218896041639395	0.002132417393218733	0.1320638212864147	0.3685687182620138	0.19452105418142585	0.15792153072589277
0.12958847547268917	0.4436675319218083	0.023416234803287597	0.20130109806933982	0.0031924154050824716	0.04213142408094632	0.1114828099624526	0.045220010284393417
0.08099604272844674	0.15260230722072105	0.2390862012554807	0.291101164960625	0.009971359048988757	0.07383332081822011	0.10129083757226576	0.0511187663952517
0.22634419383520343	0.026214558891292317	0.25868843867821484	0.09227638131908654	0.1141115945246233	0.09570113563029646	0.11575442878387829	0.07090926833740457
0.06008182766471136	0.2906285670363274	0.019393577497940725	0.0371244893652503	0.3619911060719655	0.1066059982517753	0.03645576340997046	0.08771867070205877
0.048882786730257144	0.016897883011155995	0.09342744581474874	0.04957542107276702	0.06917505876879555	0.06431328295710308	0.16465480264703136	0.4930733189981409
0.20041193628962772	0.38860815509250846	0.10821449188733617	0.014946354221802405	0.0991793413460148	0.010983683748715556	0.047934315476287695	0.1297217219377069
0.11695243300659883	0.0866128137551398	0.2591238497756644	0.1699063328856213	0.11584521406411935	0.040734218157721255	0.05585134340876276	0.15497379494637215
0.20582449585879062	0.25107777835982226	0.0034856916033356583	0.08225398962052857	0.02797909585228052	0.27414983572620244	0.09479198460840745	0.060437128370632295
0.09901324582087659	0.01841768150558183	0.002608607992980738	0.05230450641566045	0.5113046605752332	0.01032219130959014	0.014152495010643251	0.29187661136943366
0.019870368360744725	0.15380629148146	0.07168694749781496	0.25781907036442575	0.08746607941539979	0.018476564560774345	0.2972612118199391	0.09361346649944122
0.39163639455699173	0.07070348310407526	0.04642726986005037	0.07377306724882382	0.08389776759641157	0.09588055992265543	0.18265272002338073	0.055028737687610824
0.08917906628499112	0.16321378216173762	0.00792184901344628	0.10173603315974172	0.18127445725156538	0.3520319306431884	0.06901492069018184	0.035627960795147434
0.16046909422888844	0.005304411133399231	0.32347062829322853	0.05433542560406966	0.134163972344371	0.055467839711128286	0.07238434801636157	0.1944042806685531
0.434391036746284	0.030340302220380824	0.08974301584199845	0.24358806361696156	0.006887428698101231	0.11931337609479159	0.025694688323478432	0.05004208845800365
0.0869939112286421	0.09509392167802262	0.41135230007284196	0.12445675623247188	0.16580688196542598	0.024523550869049268	0.02120258154698275	0.07057009640656334
0.014147077417135251	0.029270776256890424	0.0746322943870913	0.03336760054868071	0.19662536485391438	0.1253469752434108	0.011344055639204237	0.5152658556536728
0.15717364523798572	0.12241441209536685	0.2771478728423303	0.013437958482419327	0.21643917763870507	0.006716407139179037	0.01740142221458328	0.18926910434943023
0.08344594636439051	0.07062037718927007	0.24127361169126127	0.02896340247149401	0.02672597406580153	0.06558716052225803	0.1409477253366074	0.3424358023589169
0.1648327003230693	0.15442541840995622	0.08907665192783631	0.2662122339383794	0.07195511750192582	0.02072791637909671	0.11460211044525614	0.11816785107447988
0.0457857124272143	0.10200832107797261	0.2440948082391331	0.036928631041301826	0.12324999743177967	0.17070529860404648	0.09041823135663024	0.18680899982192156
0.24958762606631402	0.03556252390842428	0.037469929475269295	0.07985069717104848	0.15709102698894617	0.0754229632858204	9.643143698968709E-4	0.3640509187342802
0.010718305396306221	0.028439241803934104	0.5385356452019373	0.013458801823238276	0.02090088966885259	0.1038947906795946	0.12377175110632686	0.16028057431980985
0.09878205146074465	0.22045364351594565	0.10223582997044667	0.044647581951792845	0.051877734801212855	0.10779565476097688	0.03736729266642397	0.3368402108724563
0.0471501149625034	0.026344470467278558	0.0691545941932564	0.31292407157612073	0.08580246885338416	0.04462396148157789	0.35491666421178947	0.05908365425408925
0.2651001004258097	0.15049101462355033	0.02063005553080942	0.005783278862561761	0.17380235812425276	0.1657240845390182	0.0331536931860872	0.18531541470791038
0.08944862927398076	0.27141368331866034	0.04170524452860616	0.14044514893335	0.0019602552635208798	0.17325410840665031	0.008897084838420763	0.27287584543681065
0.032666762480585004	0.058252661466727196	0.10488455549787853	0.3509554478718996	0.06710977108103951	0.08654395114420393	0.043910268080440504	0.25567658237722557
0.14400429366600284	0.2522352463955486	0.17558787852706992	0.1388729085748078	0.06114378435576173	0.0774417595249823	0.013267647687442582	0.13744648126838402
0.13337278313515813	0.11914429016291553	0.05673499992180042	0.1649552458259284	0.06510751241203602	0.1608856414716942	0.05989028716106322	0.23990923990940385
0.007639735464334718	0.3703072850413486	0.12678028100503894	0.039735207455121616	0.09039080620079193	0.021594951933209344	0.23440693547609487	0.10914479742405983
0.20467048150617667	0.07743612128152387	0.09094122941455053	0.037182867506274364	0.2764628134296566	0.07587744323949508	0.058632782066814715	0.17879626155550787
0.01923128502604199	0.1682179924401738	0.04516761014414916	0.143620153028014	0.06755892501099015	0.15474378679308867	0.19960695685453914	0.2018532907030029
0.12713571032868382	0.05885189039775236	0.08210275927751035	0.07911035944868487	0.3828936738146975	0.1083891469875508	0.15581217158646757	0.005704288158652496
0.29664964147626677	0.1241899991863236	0.13725482375880124	0.051895095298274185	0.012426209789116308	0.019182903555746242	0.18440047222347475	0.17400085471199667
0.02142252947149545	0.03130202316755422	0.040484317826706875	0.057359206120378106	0.4129659010148743	0.05191861710236102	0.2126394435557098	0.1719079617409201
0.22193029602459152	0.1320023884529179	0.06375640041401123	0.0662253498896466	0.10182586735773029	0.058908215926798776	0.008157121824978603	0.3471943601093248
0.14216035948868697	0.06028272658810295	0.5267198189031596	0.023561531568831964	0.016584498007955722	0.02609343705570638	0.027344177731527378	0.17725345065602893
0.09798509905020278	0.15826622432263626	0.15975745833833235	0.10776152266455769	0.030312635951323386	0.15072597387964118	0.05961509570051715	0.23557599009278898
0.02427426638222363	0.13529074339500666	0.021100590407215736	0.1007735860417155	0.2562826713287404	0.19153005171159831	0.11235775408180647	0.1583903366516931
0.1262546966671287	0.25418401328361323	0.04293021294028157	0.023121053184394433	0.16501622074029876	0.16721739505615338	0.0017033669282704583	0.2195730411998592
0.06739896151542216	0.16571630179187047	0.12250348392045358	0.2048893092593123	0.07615335488883913	0.12117619040772223	0.10097868494079079	0.14118371327558912
0.186836295635443	0.31586761070531355	0.05417825797010256	0.0868285685989753	0.09240496006041209	0.21506088539492255	0.014408509227801583	0.03441491240702914
0.10227541138363683	0.18502109922970877	0.13124133819733058	0.11698323829393503	0.024940575152704286	0.028220323090289157	0.19132500628360447	0.2199930083687907
0.4259459266811778	0.02300506616421988	0.27622922612148426	0.027409701055776114	0.043546962803545364	0.03029393196080693	0.05470503698616844	0.11886414822682087
0.034556987487672955	0.1732257103339874	0.13902853836674015	0.0384117603934762	0.07936940292252175	0.18373722017904737	0.22258243454766846	0.12908794576888558
0.16384962435328682	0.08903937633400553	0.2189750402527118	0.051179428296331736	0.10224696994333857	0.01077459865777744	0.06976919948256538	0.2941657626799825
0.27849300811435584	0.2633689277998541	0.031023332561385467	0.027637556581311493	0.10315966640223277	0.13461634316516835	0.15267366746630706	0.009027497909384619
0.2509448908624922	0.01520936318419279	0.07787975535914649	0.010483872687488863	0.12883767039856922	0.40826499590399523	0.05548384145854002	0.05289561014557494
0.08863694015444246	0.05821334972150301	0.010065379058253415	0.15118943596655995	0.07621506330728453	0.047119627836035405	0.05914800759482919	0.5094121963610918
0.0970809328994899	0.04035691840782801	0.08550141518524802	0.2518769272731133	0.016289513471871325	0.0055358823243961824	0.16906942084781906	0.334288989590234
0.1752728446520591	0.017546347996567596	0.21032120289537487	0.06268312604891425	0.06028515123560245	0.16014910038633864	0.2402269981216279	0.07351522866351487
0.003419025224478192	0.32116707704959235	0.008509019521004954	0.4222364874461244	0.010041494044282354	0.15311755431782753	0.005225238538218033	0.07628410385847191
0.262251785253096	0.06765598634904227	0.0363090419968006	0.1778363739863252	2.486369449285486E-4	0.36535999497850125	0.008334971351422193	0.08200320913988364
0.004198639214347266	0.12123182363483431	0.0021792747727282236	0.24760256490021865	0.3875375072341858	0.1732100220244533	0.03589469131497135	0.028145476904260933
0.012930393980630478	0.13042420702951263	0.04763940759050836	0.12085339552632508	6.030112360366768E-4	0.5092249352145799	0.032936091538717585	0.1453885578836891
0.04872680171490042	0.1493364028237074	0.1399457298493454	0.03922224206504171	0.22892291631419415	0.14239286689297345	0.22286090720271431	0.028592133137123013
0.19053899835533408	0.08823105143410748	0.06991692953963868	0.2537420423343083	0.09623532389978176	0.09308948293236083	0.17939984555139663	0.028846325953071975
0.04021818150689732	0.03297472032003952	0.0640024719823545	0.00995634903316843	0.5838821910316258	0.004994095944845747	0.056547125696801676	0.20742486448426684
0.10055432181906887	0.19941157924994668	0.052164280116811054	0.2707449554549045	0.10189585791577828	0.1319672441906283	0.02662679889996472	0.11663496235289736
0.13155405131666403	0.05998901583151077	0.20828927585839635	0.0033301158665510894	0.08399460728318421	0.2042760779406104	0.1024690623846998	0.20609779351838314
0.06832908969786433	0.0546968514958768	0.20844526306459435	0.1401255210732621	0.033814626874014445	0.11096441179358077	0.21852487784375732	0.16509935815704962
0.11018497848902153	0.016617698253467483	0.4337431239853121	0.1103895322408019	0.06995036268527746	0.18806242820296112	0.03733272625846948	0.033719149884688715
0.239584606558007	0.011206487156232514	0.061406335176522706	0.16944562486394601	0.05469501836648767	0.008099946483040757	0.30546521984244246	0.15009676155332063
0.05151748937124942	0.08909190817795656	0.2563056769577604	0.024450761833767168	0.3336209713769896	0.027540188995447246	0.13776893574521662	0.07970406754161277
0.018012947960326986	0.014740056948945868	0.006239739943086395	0.35596293882559815	0.008163279053836611	0.2123536103047984	0.1856592446501289	0.19886818231327855
0.03882514608889906	0.11075240116657245	0.18114105584008428	0.19419535530227172	0.17686210760670626	0.08045759019311338	0.2072366811186918	0.010529662683660887
0.03226627734532585	0.06657956192203629	0.1863521955527961	0.04580455623927629	0.27451380091301625	0.027373398013726694	0.17847746178755913	0.18863274822626322
0.034190031875766025	0.01343069750096175	0.280009871933658	0.05638772936209413	0.039570793949319144	0.3256173029297472	0.028462453565765877	0.22233111888268764
0.1752233995079386	0.055101990888606275	0.2495715597299481	0.07175808278422768	0.07265562710209063	0.31474973274509344	0.0588085545809275	0.0021310526611675734
0.08795017201241703	0.15411049158122928	0.004931756735060314	0.19143978546552562	0.12306699613818499	0.1641562948848025	0.05649596523925847	0.2178485379435216
0.2052808237277069	0.19715044473714796	0.040019431205125744	0.1543537460739307	0.010647811897957632	0.13132004630454977	0.032349592655244286	0.2288781033983368
0.04710202345908848	0.10387095277392847	0.18454923333930964	0.21908019997134048	0.27684320951752234	0.018090913778959383	0.02552030490788508	0.1249431622519659
0.04775117880588109	0.047807278385108884	0.2029222349107671	0.04301064617667873	0.36435853870822277	0.14508481479606952	0.016939256550954504	0.13212605166631722
0.034841235901324985	0.03805448720495157	0.2831245359089618	0.019556027256777117	0.07243558509817637	0.3539415456100541	0.05557437481629263	0.1424722082034613
0.01609014750098782	0.016943948495633035	0.12113451151610656	0.5995879354213024	0.033184729416103495	0.037637563580221675	0.06323497003672414	0.11218619403292077
0.5279431915896948	0.03323893400060221	0.01570439290879369	0.035178061631298246	0.010548956977598445	0.2237190734608786	0.007835337760944847	0.14583205167018876
0.02383112950018773	0.28577202100327154	0.05105448190500074	0.11119614246488278	0.23684213325989156	0.13460322884486253	0.11407490808227015	0.04262595493963281
0.07915209360106236	0.12544844917086584	0.009883445593882961	0.2768166375169283	0.023479011371808772	0.042972395038990946	0.2813525163881908	0.16089545131826988
0.19833866044417242	0.17809290742452574	0.11133095083445108	0.07535229738492932	0.0058550794737857875	0.27917313717980985	0.03688379899403632	0.11497316826428922
0.1075152328682744	0.15033563133394975	0.1503976313334677	0.00847167563590176	0.1522866635268343	0.1976408465607354	0.07653249032508028	0.1568198284157562
0.02219963660619391	0.09465290660346584	0.03185064482336253	0.32695392584721295	0.3429163815824104	0.0031404307860685987	0.0015411463642921452	0.17674492738699343
0.3682895614144118	0.07501006344093303	0.04290708720385966	0.08098705461329803	0.05587687086400933	0.04731906720286197	0.11531263068568537	0.21429766457494043
0.0690720990384461	0.10071699152829053	0.0010417405857707368	0.3614947399960182	0.026832931513013927	0.3459965979356831	0.012585348743702915	0.0822595506590743
0.08838679393864003	0.44091672708302865	0.18322620360229663	0.10708196606257933	0.07485217252092596	0.04905287150589056	0.007693833545042675	0.04878943174159599
0.08683438511085924	0.10201511820566135	0.02508161806654559	0.09992563651089638	0.3591317386216798	0.07740776225688575	0.21153693576828497	0.0380668054591867
0.07195657553795373	0.23929348338625223	0.08900607475220162	0.03354669829187207	0.02603066186881156	0.19124415646636161	0.3392432956345044	0.00967905406204253
0.02464759672151455	0.0016749966692400087	0.3500784547366401	0.037223388970121854	0.4204723624964495	0.08237469122433014	0.07881126029981658	0.0047172488818869596
0.058794241258155855	0.11044354981731899	0.0238931696096696	0.09741313152830627	0.2858814750630648	0.009090372674615918	0.034382424840203	0.38010163520866536
0.22070089416745148	0.02367939787428605	0.26668715735667703	0.041918759328943	0.11408633991074726	0.009046884669812016	0.09579583161716185	0.22808473507492108
0.10834321302059159	0.12507253305607968	0.018568865378298438	0.37507499352246143	0.023486604672891376	0.11654989330223188	0.20471001909510242	0.028193877952342905
0.07521384500271644	0.06606779121133405	0.23418890716097374	0.027561353038160152	0.13528912370022378	0.33670407306924877	0.024470825826025264	0.10050408099131752
0.07634081468909878	0.257119262103116	0.0547358730607385	0.18556135885446506	0.08133214365836434	0.2765149862939341	0.02461961285371589	0.04377594848656714
0.2191481858296992	0.05451456420528322	0.03795288457899597	0.06165869030565155	0.33038739291323704	0.09204857669777661	0.14758168142183198	0.0567080240475242
0.29866355571638226	0.102238027925175	0.039118094190946834	0.005973080380379081	0.3416059941090267	0.03769826604061896	0.10876987343101907	0.06593310820645192
0.09731577878749564	0.18961948813040436	0.315692075740955	0.17467366290357655	0.06248876883365609	0.03343897479853021	0.014806997879578496	0.11196425292580348
0.15223464197775638	0.06371983160045278	0.05142742153972825	0.012862078949573322	0.11618442871710775	0.30982881611488	0.05896088823643497	0.23478189286406626
0.030305512377793595	0.012673845023480165	0.06225410740170234	0.2878047994545385	0.07848917526189943	0.0811985370489376	0.182703852040568	0.2645701713910801
0.20585580050307012	0.11990012801418187	0.15560848647429332	0.2679738347387376	0.1296208976552245	0.006674704014352967	0.02960738605339576	0.08475876254674358
0.4013644205248694	0.20832140419328823	0.017416949281546634	0.1508780606859448	0.04811878905847103	0.09077157805670305	0.04660443042456286	0.03652436777461368
0.19879449506551522	0.0762570185204549	0.24602656549921262	0.07354636048816897	0.1351067631527391	0.18700709084795092	0.017258311358633954	0.06600339506732406
0.5101744915888505	0.1103773513192168	0.020955827381892903	0.10505689609091552	0.06471561238195539	0.1117868543105482	0.009640020752255105	0.06729294617436524
0.01838275066476458	0.19103134862607268	0.19575505679453417	0.04834298017066144	0.2806834953407825	0.012927283820730023	0.003927793398683682	0.24894929118377074
0.13666618510377235	0.007667367445689091	0.2605740497637632	0.006368140066087921	0.040989964713335506	0.07374097934821085	0.4658391390043517	0.008154174554789145
0.07573837840972088	0.1366366041032063	0.12889810425589013	0.14381697285115108	0.20554318136959632	0.10717221787840328	0.03300810190105917	0.16918643923097262
0.07201149427144589	0.09075864072078652	0.0459572163148427	0.28929885153678203	0.0899469914824783	0.2670141931168067	0.05285740812163954	0.0921552044352182
0.029712173655637553	0.03524792109329242	0.1326611062639364	0.050922562479118055	0.13207210077021675	0.26070759843389535	0.06075106272520599	0.2979254745786973
0.019344210146964053	0.1012631673751136	0.011778284836131345	0.129609063023575	0.14539216314311249	0.09688372713105242	0.17062860483467346	0.32510077950937744
0.06936908114290817	0.21267900828492659	0.024514121985796958	0.08597686312258881	0.19003211766066405	0.17756373031332637	0.04822174023329695	0.1916433372564919
0.11020508741922797	0.1782034485169483	0.037916059637676955	0.1223887392243898	0.07791885787256182	0.24777191645219637	0.02811583554342864	0.19748005533356994
0.061731903879909525	0.23305015057044204	0.34067965851662685	0.0039998161447551694	0.02488479681583035	0.21829361027091937	0.022351944000499488	0.0950081198010169
0.5703671857230658	0.03503057072948364	0.14599412088989855	0.043061301365005175	0.064603962387063	0.022460966304586813	0.10291914670616271	0.01556274589473397
0.07219587954191303	0.11464766142234249	0.09361510819169473	0.0058456449453780646	0.20774623626926228	0.14468492976707298	0.0727673409554239	0.2884971989069123
0.0022847915138097946	0.10832909825401774	0.0674829719381928	0.400790298557012	0.08705512780707966	0.1411993626342426	0.07130345908152592	0.1215548902141193
0.351845636235046	0.04760467267556845	0.11024717871950786	0.14633319804031944	0.05414466512010098	0.15044959496261776	0.10968495136279842	0.029690102884040864
0.1157902199810122	0.27879086623699223	0.2063338810957979	0.00649346228242445	0.12162880109305184	0.1874787242110443	0.035346895044867516	0.04813715005480933
0.07327091763081481	0.18719734187619314	0.1957237254349501	0.03223589547361032	0.15454828632505432	0.12530014741296075	0.09440256332692887	0.13732112251948753
0.015966434918553096	0.14214248294266513	0.3819005666493066	0.16617259517913213	0.019009968934979013	0.07507402543494765	0.11320441939147396	0.0865295065489423
0.08496593845631979	0.12730895277020632	0.0835084158775717	0.029765149396023566	0.020148458721397283	0.1960801168394219	0.20114635526745794	0.2570766126716013
0.17303932764185925	0.03517244531643984	0.2609777358679133	0.17371899617239542	0.03366609608681756	0.13281031099980622	0.11433189538303062	0.07628319253173751
0.06551628018403041	0.09299739988296582	0.22993720814382057	0.3188172537880888	0.009783135422387498	0.06640048187148573	0.027705356731568306	0.18884288397565263
0.2045239928886206	0.03260554910726943	0.0016117309823282244	0.22309997145224303	0.1899740268551065	0.04934033310805018	0.06874447416704416	0.23009992143933766
0.010545605082641754	0.011331362098793	0.10200436289167641	0.12201343636948042	0.1449506781845019	0.34166624908245113	0.08360729996963259	0.1838810063208226
0.0167908700487185	0.09995698489670232	0.1652798265275806	0.25095604743990574	0.048099703514187256	0.10925281537506082	0.001506733181175765	0.3081570190166688
0.07894089185020484	0.01912784755042987	0.3935055165954058	0.2317137010598201	0.01764644751502696	0.09485958486746232	0.1562561580122105	0.007949852549439265
0.05572266336603769	0.3478288339087613	0.13773805896187938	0.006890796973328089	0.1426677089624505	0.0019374970620530813	0.06107536286488957	0.24613907790060022
0.10252788559000958	0.100434608261052	0.029310001686477224	0.3811853631235417	0.11195299165214433	0.2326229324651326	0.03148145651543442	0.010484760706207893
0.11039228094613031	0.08844021185902878	0.18880330058750172	0.2968765032579854	0.02742624721087733	0.08816637947190566	0.03184803968271413	0.1680470369838564
0.18567240146170189	0.21771186571535775	0.013463171363976456	0.03538472342834473	0.3168001634143296	0.14041662578110106	0.002240328320913698	0.08831072051427445
0.17137253216665452	0.0648202481162684	0.12262995269701964	0.06149802072180223	0.2782031699911134	0.2529843915489571	0.03644443150100368	0.012047253257180812
0.07044428223036275	0.011936386977303912	0.035180468096852366	0.030846483374784725	0.29715453030896133	0.48881121603775235	8.70803575290055E-4	0.06475582939869232
0.04254022417004259	0.34005486857207745	0.005530635941636372	0.017796498756765727	0.3140618826383212	0.08516188574052763	0.03573273147791743	0.15912127270271142
0.2729379033987268	0.08198700776305275	0.036960283096548155	0.15618653146960337	0.05051869604192506	0.33192374897114607	0.06906383796829842	4.2199129069903085E-4
0.052575876114949766	0.0162050431599024	0.04370772735944267	0.21909266758319754	0.0409038810471993	0.16284190526963907	0.4028736295711072	0.06179926989456189
0.050922774632164325	0.29092524141100284	0.20379571903198865	0.0801060619469433	0.04601098023169489	0.044888640795940904	0.04125149912825041	0.24209908282201448
0.08235877373798903	0.02031599415522259	0.11309973568081869	0.24434085798505903	0.12390249948580473	0.017389449422035602	0.17131226107566894	0.2272804284574012
0.4767268790741649	0.03576743544797591	0.03923413893425924	0.006691070515371364	0.07227681313160775	0.060752045503179045	0.07609928796393045	0.23245232942951105
0.23012620188588015	0.1382878167276464	0.1734159458746518	0.12518324990230847	0.06718440040307894	0.16459719373860526	0.04603562281701026	0.0551695686508184
0.4014127272127983	0.03868665949602472	0.06525109203940968	0.08669221844155094	0.21847602237846817	0.010700223154599064	0.041038932930438046	0.1377421243467107
0.4073167995119297	0.007012598410380239	0.07579549134890153	0.023955902057198414	0.16882745720139936	0.16724814458473905	0.10852536284587685	0.041318244039574514
0.005444361484570032	0.6039424392307728	0.07270076865986853	0.006061904182881148	0.11747750871112604	0.06631344136352257	0.11228328554041793	0.015776290826840775
0.17317783364246792	0.15211178730663252	0.04817766004299054	0.18923212618558982	0.09228333206575368	0.11680553706149405	0.026383472646652986	0.20182825104841828
0.02112819671032372	0.042052119523892276	0.4031988278066292	0.05526179090370449	0.35385056867424713	0.041783613666882505	0.056090328746442764	0.026634553967877783
0.02233031746902904	0.41531703202925796	0.006584899654982379	0.0811648768999913	0.018830454467058708	0.09883299041751832	0.31039997688255644	0.04653945217960563
0.23601972683041478	0.032343992129556215	0.002514298863182371	0.08101770690772245	0.22010884776255574	0.25823637917580416	0.12829426404844235	0.04146478428232167
0.033543139064888	0.026309940328479026	0.0798170342986593	0.012610771314804495	0.1882224394260557	0.04917129251083789	0.46537243962944597	0.1449529434268294
0.08672609584929122	0.23573826187562447	0.059079879225285806	0.015525844314322398	0.0638386980624299	0.40529832814493416	0.04900462524243625	0.08478826728567565
0.13631769577247252	0.2988161081927155	0.017742490960470203	0.06591125622497213	0.41259956672369	0.016517521355576076	0.005331416078615675	0.0467639446914877
0.03780484491862088	0.05261662651718507	0.11311585499705852	0.3936697429181585	0.059708941823515646	0.045644636256120225	0.09722819019728032	0.20021116237206055
0.25865081787364363	0.0754960265192561	0.043681734410831716	0.20770650955842185	0.05548105419499681	0.0516023473025011	0.1941626833486295	0.11321882679171899
0.3418014574289425	0.20346758003438897	0.2149152567462465	0.008887562896538526	0.0211077834307309	0.10512669842130089	0.07660157576064296	0.02809208528120842
0.14160088117188727	0.2758313937108169	0.11239971407630579	0.07407755249988152	0.09516599816330974	0.1201390608077447	0.09328243858043737	0.08750296098961652
0.21261262145380233	0.27755917016291864	0.028117742143791064	0.08885326988187521	0.2687780463783012	0.002621032727883277	0.10973836084867596	0.011719756402751996
0.30895737843712845	0.03308927376830989	0.10037255452910313	0.004015195322894433	0.052282898987940654	0.16800223981602475	0.2068980908510209	0.12638236828757748
0.20460423418653906	0.0998723650103682	0.21105647679649037	0.1364748283788932	0.2701674011441909	0.007899448029378822	0.012278720080344252	0.05764652637379493
0.20471032375709702	0.298986079290838	0.08215482251096065	0.01742957457781852	0.16711811885038969	0.14060657523013564	0.05731433166433428	0.03168017411842593
0.2317572588882648	0.09644111477650547	0.038277371178932665	0.007339183666523433	0.14457872696800922	0.15476635825615176	0.11167222886272157	0.21516775740289082
0.01351118042979775	0.17971384256025252	0.2948403971618064	0.06689961608113561	0.024078814774720292	0.022671389569057315	0.25878777106447537	0.13949698835875465
0.15112622249243535	0.03302829892244663	0.09440723578087862	0.10887834348517525	0.11010676918614098	0.4073732664434785	0.0766768876744837	0.01840297601496066
0.07797383406393699	0.10176524587129866	0.237799484903071	0.08922490509264991	0.03496573917824729	0.2329375757387911	0.0012603699494484477	0.22407284520255644
0.06947919023393591	0.41284152750850656	0.13515548463644697	0.08742403476374488	0.11881953977850702	0.01664857937693981	0.15861845997100862	0.0010131837309099723
0.19047302705064467	0.056911612318974625	0.07527235312790029	9.231108537318955E-4	0.015615511427535755	0.0649848730265887	0.4935942592634769	0.10222525293114698
0.33392172675171283	0.07132791148496491	5.97348142441903E-4	0.16274136942348671	0.07093604888375214	0.07149083137929786	0.18436881479962264	0.10461594913472064
0.07968458504681797	0.30892507006647685	0.21423675317143925	0.11980816775432576	0.12151333347810615	0.1344611137581942	0.0039430876608217424	0.017427889063817842
0.24807234812486748	0.18981796501701514	0.22649413088490006	0.10158452269291415	0.15101448882945379	0.06195887160045786	0.01091024964712349	0.010147423203267766
0.14147582063542236	0.29907772474402483	0.18173306290172264	0.13593546899579706	0.04434115395554905	0.10297395045321901	0.0504823606581529	0.04398045765611194
0.07793979570059428	0.2856943348436439	0.3458637120334581	0.025331106346452748	0.0013422767150402803	0.03806058231150622	0.05019917458832933	0.17556901746097484
0.13203009907626595	0.18259425597629406	0.05396694432041439	0.06410216062787527	0.01283418509452701	0.41194609120854175	0.06422890697586106	0.0782973567202203
0.1933095079214962	0.17284553566417293	0.04373166923628137	0.004077521781433599	0.25348833809939303	0.23275789785858714	0.04503376332012901	0.05475576611850648
0.1522729865890819	0.011839699543820595	0.17539241057744123	0.12910585335839037	0.34114996295171973	0.014306324008460894	0.06743734666644144	0.10849541630464356
0.22919386793197022	0.058111856390016065	0.3450541825830632	0.02320888583218239	0.0021811565366668395	0.09831047281465224	0.2435148354216363	4.247424898124602E-4
0.11106611367166751	0.19777873062226764	0.05241287081265468	0.12818731638037403	0.080456215857794	0.01698524800709418	0.3902852916695274	0.022828212978620366
0.04323706778123913	0.21946766375616583	0.20489363056485121	0.11396733593837673	0.010246778579145535	0.3842834250725592	0.023615179883762716	2.8891842389942857E-4
0.07601970371189445	0.002464622369875602	0.1757280874196187	0.06767822236526863	0.088420024573433	0.2874692468309239	0.25805200246906657	0.044168090259918885
0.05621991087714992	0.055488629625215585	0.03956965027756608	0.07142614689193036	0.09873553526875357	0.22692822645633243	0.36183076024518396	0.0898011403578679
0.12637742477107863	0.1581509468207699	0.08566166790848312	0.10083370012209475	0.1838441060481893	0.24722125682606183	0.08767120790851746	0.010239689594804799
0.05597725225820299	0.024525797580589648	0.04384436721321616	0.08338035268022395	0.081890684889449	0.20470357478392984	0.3168723233370728	0.18880564725731533
0.015728654213971627	0.41926719118538636	0.008285237544693971	0.052316700868498434	0.15379905142768396	0.012032128151942767	0.14525669531384958	0.19331434129397324
0.07413475496426097	0.0380457925843775	0.050970320345141165	0.1792118810085762	0.04946520396482497	0.2060221758992825	0.2788565370298628	0.12329333420367362
