0.3356936904326859	0.33576358487402896	0.3285427246932853
0.33571172013281775	0.33576596150470334	0.328522318362479
0.3356965827189282	0.33576725706937416	0.32853616021169774
0.33570219649076527	0.33575402174003516	0.32854378176919974
0.3357024551205053	0.3357832981825062	0.32851424669698864
0.3356795936272984	0.3357723514238535	0.32854805494884826
0.3357100974815198	0.33578502534017374	0.32850487717830656
0.33570241959209235	0.3357842387680888	0.3285133416398189
0.33569498344926835	0.33578095774340305	0.3285240588073287
0.3356845954746247	0.3357668800054092	0.3285485245199662
0.3357076522648336	0.33575287213010424	0.32853947560506225
0.33569508194566733	0.33575874646210496	0.3285461715922279
0.3356966178801555	0.3357713582985125	0.3285320238213321
0.335683305096286	0.3357677856002249	0.3285489093034892
0.33571495331260787	0.33575445114527197	0.3285305955421203
0.3356976953837556	0.3357549181491649	0.3285473864670796
0.33568373626418047	0.3357698151621734	0.32854644857364623
0.3356987132297773	0.3357750993402659	0.32852618742995693
0.33568165111091486	0.33577397043557367	0.3285443784535116
0.3356789844200478	0.33578523633390295	0.3285357792460494
0.33571031698720516	0.3357736887608547	0.3285159942519402
0.3356944307919312	0.33576170725467985	0.3285438619533891
0.33568402177966294	0.33575563368719535	0.32856034453314187
0.33569282092456126	0.3357645149198469	0.32854266415559197
0.3356966223838125	0.33578390918057166	0.32851946843561597
0.33568420681541555	0.33577850558731415	0.32853728759727036
0.3357087661612243	0.3357774608980558	0.32851377294072
0.3357039858194911	0.33575781038168157	0.3285382037988275
0.335710445127578	0.33576285721213545	0.3285266976602866
0.3357129851642439	0.3357874882267839	0.32849952660897225
0.33568440097991	0.3357560418615494	0.32855955715854074
0.3357118287220434	0.3357737153872449	0.3285144558907118
0.33570232696528945	0.3357645603657895	0.32853311266892116
0.33570025602667314	0.3357749454778904	0.32852479849543664
0.335680805589094	0.33577651310150786	0.32854268130939823
0.33569113114390076	0.3357670045596154	0.32854186429648397
0.33571107434006886	0.33576916246817784	0.3285197631917534
0.3356898400476264	0.3357683057396698	0.3285418542127039
0.33568745793212446	0.3357733831908051	0.3285391588770706
0.3357056828454755	0.3357594547485767	0.3285348624059479
0.3356855220524705	0.3357534010650097	0.32856107688251984
0.33567730739256135	0.33578419401319687	0.3285384985942419
0.33568416343177565	0.33577143134587917	0.32854440522234535
0.33568246981908406	0.33575213078172667	0.3285653993991894
0.3356932776764471	0.3357799846392476	0.32852673768430546
0.33568575390320327	0.3357788553957459	0.3285353907010509
0.33567695020046384	0.33575558200652994	0.32856746779300633
0.33569900383951945	0.3357668405140793	0.32853415564640137
0.3356924030640811	0.33576031316308064	0.32854728377283837
0.3356958902202903	0.3357691159114023	0.32853499386830753
0.3356790583613209	0.33576180942667516	0.32855913221200406
0.3356889920519706	0.3357730082611672	0.32853799968686226
0.3357050110788889	0.3357879739186276	0.32850701500248364
0.3356969138266392	0.3357530770615799	0.328550009111781
0.3356898791040125	0.335777046857557	0.32853307403843063
0.33569580668375737	0.3357669150417775	0.3285372782744652
0.3356930864826936	0.33578854705201855	0.328518366465288
0.3356999114284969	0.33577008781049167	0.3285300007610115
0.3357058007356738	0.3357524798692382	0.3285417193950881
0.3357126855219682	0.33576879806922955	0.32851851640880236
0.33569214068035563	0.3357831825876093	0.32852467673203517
0.33571377876841196	0.33575205022624927	0.3285341710053389
0.33568487169314987	0.3357538683242365	0.32856125998261376
0.3356922432231094	0.3357613293537283	0.3285464274231624
0.33571010122249323	0.3357748855780987	0.32851501319940823
0.33568377018348056	0.3357522312914542	0.32856399852506535
0.33570249518948436	0.33575732879488657	0.32854017601562924
0.33567928886293646	0.3357616068921674	0.32855910424489626
0.335684367501369	0.3357824210391666	0.3285332114594645
0.33571073266857127	0.3357724358159446	0.32851683151548416
0.33570861281540926	0.33577619476559806	0.3285151924189928
0.3356771429037019	0.3357895686081499	0.32853328848814833
0.33568726962395856	0.3357883950574587	0.3285243353185828
0.33568635634082605	0.3357790547201039	0.32853458893907017
0.33568357097567086	0.33576965331670294	0.32854677570762636
0.33569882176142796	0.3357879333282764	0.32851324491029577
0.3356776040823465	0.33575339879095173	0.3285689971267019
0.3356888776422181	0.33576923044800305	0.328541891909779
0.33567915983038904	0.3357713036452988	0.32854953652431224
0.33567620226616823	0.3357611902497924	0.3285626074840395
0.33567660818068834	0.3357834886041116	0.32853990321520016
0.33570826090373573	0.33575880942119635	0.32853292967506803
0.3356875161793395	0.3357656775694014	0.3285468062512592
0.33568658682731184	0.33578330105032894	0.32853011212235933
0.3357048146691092	0.33578867223478936	0.32850651309610157
0.3356946378198584	0.33575410773205655	0.32855125444808514
0.3357104464347291	0.3357753169305633	0.32851423663470775
0.3356937807692105	0.33579182672903546	0.3285143925017541
0.3356837565315934	0.3357728212138064	0.3285434222546003
0.33568020952963384	0.3357682351320865	0.32855155533827973
0.3357004614496451	0.3357747668685009	0.3285247716818541
0.3357069510199025	0.3357729882693551	0.3285200607107425
0.335704109561085	0.3357597529654532	0.32853613747346194
0.33568542701816423	0.33576664088509656	0.32854793209673927
0.33568750120790886	0.33579139171469596	0.3285211070773953
0.33569128726355973	0.3357829800330981	0.3285257327033423
0.33568561928971447	0.3357675631507851	0.3285468175595005
0.3356777513693313	0.33577634060581835	0.32854590802485045
0.33569445003025006	0.33577819310476154	0.3285273568649885
0.3356965639605298	0.3357672137830723	0.328536222256398
0.3357037564526485	0.3357861724747876	0.328510071072564
0.33567569327740804	0.33575682117696964	0.32856748554562243
0.3356864977683025	0.3357614382617195	0.3285520639699781
0.33570167404114853	0.3357756011442875	0.32852272481456407
0.33567779550768	0.335753386015283	0.3285688184770371
0.3357010778558413	0.33578855881052116	0.32851036333363764
0.33569320372670597	0.3357637169935093	0.3285430792797848
0.3356972904105079	0.3357808289912713	0.3285218805982209
0.3356954354376561	0.33577148911304244	0.3285330754493016
0.33570307410120515	0.33576646417984984	0.3285304617189452
0.33567548231263933	0.33576771875068645	0.3285567989366744
0.33568087187301765	0.33575930817032656	0.3285598199566559
0.33571134361494975	0.3357624069689704	0.32852624941608
0.3357058796969678	0.3357695742421715	0.3285245460608608
0.33568231027089435	0.33577570660062284	0.32854198312848293
0.3357002884535127	0.33575827448266293	0.3285414370638245
0.33569519213271487	0.3357578078109603	0.328547000056325
0.3356929074240492	0.33575267925401175	0.32855441332193913
0.3356823343268914	0.3357736989225004	0.3285439667506083
0.3356954611026415	0.3357744069379897	0.3285301319593689
0.33570007268924806	0.33578889021772157	0.3285110370930305
0.3356756359681815	0.3357829668941976	0.328541397137621
0.3356978943030315	0.33577166705191114	0.32853043864505754
0.3357039657560788	0.33576408154502624	0.32853195269889507
0.33569260912124577	0.33576499347977	0.32854239739898433
0.33570830742990726	0.33576135111327693	0.32853034145681587
0.3357038335186116	0.33575329037883694	0.32854287610255156
0.3356844817277953	0.33576532282397425	0.32855019544823055
0.3356845692095352	0.33577498234065445	0.32854044844981045
0.33568603641199823	0.3357554920396671	0.3285584715483348
0.33568481730666755	0.3357676563660698	0.32854752632726275
0.3357096061697263	0.3357806321568163	0.3285097616734575
0.3357029847977001	0.3357851069588472	0.3285119082434527
0.3356872289656418	0.3357880728014146	0.3285246982329437
0.335681891971857	0.3357687464591582	0.32854936156898495
0.3356763429863238	0.33575609832943737	0.3285675586842389
0.335688967602993	0.33575276784209657	0.3285582645549106
0.33567639727229254	0.3357812468761639	0.3285423558515437
0.3357017460250971	0.3357565536563723	0.32854170031853064
0.3356855504656129	0.335762797444416	0.3285516520899712
0.33567644661113794	0.335772143193246	0.3285514101956162
0.3356784275691623	0.33576707882250545	0.3285544936083324
0.3356761361754138	0.3357763769347967	0.3285474868897896
0.3357027965248216	0.33575947705829934	0.32853772641687917
0.33570649357288074	0.33577841490279187	0.3285150915243275
0.33571286666321254	0.3357649010358761	0.3285222323009115
0.3356965059876495	0.3357666246356465	0.32853686937670407
0.33569907457455306	0.3357571194339076	0.3285438059915395
0.335684667921275	0.33576112167062977	0.32855421040809535
0.33568473378986163	0.33576874605342955	0.32854652015670893
0.33568798879109335	0.335768075586438	0.32854393562246875
0.33568166029669333	0.3357657272801928	0.32855261242311395
0.3357087465501923	0.3357545599649169	0.32853669348489095
0.3357121386567583	0.33575790617000145	0.32852995517324035
0.3356871423526238	0.33576610743997704	0.3285467502073993
0.33568006765269565	0.3357749026791911	0.3285450296681134
0.3357032386569184	0.33578443198442975	0.32851232935865193
0.33567970923437895	0.3357789390745263	0.3285413516910949
0.3356812372960361	0.3357670859746642	0.3285516767292998
0.3357031583164011	0.33578673672653037	0.3285101049570687
0.3356961456761105	0.33576435003188954	0.3285395042920001
0.3356788574652712	0.33576862935001694	0.32855251318471196
0.3356970172409516	0.33578370517759343	0.3285192775814551
0.33569332819548386	0.33577408700575845	0.3285325847987578
0.335705070426689	0.33575694384840227	0.3285379857249089
0.335683305091104	0.33576454261775535	0.32855215229114076
0.33569438979522287	0.33576011320715826	0.328545496997619
0.335702888669918	0.33577289946129124	0.32852421186879094
0.33570932143949905	0.3357759268109897	0.32851475174951134
0.3356833443884757	0.33578348046053375	0.3285331751509907
0.3357034209905461	0.33575526132907196	0.32854131768038203
0.3356881687620159	0.3357552093166011	0.3285566219213831
0.33570581311426284	0.33576409169856203	0.32853009518717524
0.33568309947528685	0.3357642091866575	0.32855269133805576
0.3356856973245169	0.33575227315264494	0.32856202952283825
0.3357109396221504	0.3357822807222647	0.32850677965558506
0.3357122724468598	0.33577477117020316	0.3285129563829372
0.3357057925035951	0.335752129981175	0.32854207751523
0.33570741752212857	0.33575945522658035	0.32853312725129125
0.3357020502508745	0.3357738046650924	0.3285241450840332
0.3356801229519688	0.3357534473719213	0.32856642967611
0.3356853026023306	0.33577756336483966	0.32853713403282986
0.3356899072879668	0.3357721912167831	0.3285379014952502
0.3357091522194611	0.335775779309327	0.3285150684712119
0.33567758232418604	0.3357656489520292	0.32855676872378486
0.3356825491075764	0.3357706227904424	0.3285468281019813
0.33569724447652455	0.335763738336205	0.3285390171872706
0.33568130557503706	0.3357588998603678	0.3285597945645953
0.335691716264381	0.3357785691160327	0.3285297146195864
0.33571083662878587	0.33576460834016975	0.3285245550310445
0.3356802809555793	0.3357526815561104	0.3285670374883104
0.33568459479225304	0.3357694389343851	0.32854596627336197
0.3356949438965031	0.3357628210439501	0.32854223505954694
0.33570588824648345	0.3357616361620212	0.32853247559149545
0.33569868753310106	0.33577084884064967	0.3285304636262494
0.33571200494213815	0.3357807417017555	0.3285072533561065
0.33569830525685135	0.33578930463890666	0.3285123901042421
0.33570610690216285	0.335788942471797	0.32850495062604024
0.3357041258398262	0.3357754084676056	0.32852046569256826
0.33570884985718286	0.3357750390553466	0.32851611108747064
0.33570758369762965	0.33577399816985226	0.32851841813251825
0.3357024981380572	0.3357802862427377	0.3285172156192052
0.3356816205422169	0.33577460877725746	0.3285437706805257
0.3356837582253759	0.33575445035747903	0.3285617914171452
0.33569973909503176	0.3357767109070228	0.3285235499979456
0.33571378770644994	0.3357615222365945	0.32852469005695567
0.3357149456786564	0.33575735700246956	0.32852769731887416
0.33569051211247	0.3357534964761444	0.32855599141138575
0.3356928995098875	0.3357625990407331	0.32854450144937947
0.3357005029826777	0.33576361286270706	0.3285358841546154
0.335711031424891	0.3357747788495456	0.3285141897255635
0.33568934522470156	0.33578450236952445	0.3285261524057741
0.33571150695109353	0.3357795912492146	0.328508901799692
0.33568710836572935	0.33576999095066007	0.3285429006836107
0.33571103364641136	0.335777689813464	0.32851127654012474
0.33569591864335946	0.33575978883765273	0.3285442925189879
0.33568479155525055	0.33578898390961387	0.3285262245351357
0.3356810835665691	0.33578674976753997	0.328532166665891
0.3356823556291749	0.3357521963788505	0.3285654479919747
0.33570541358835726	0.33577275463931505	0.3285218317723278
0.3356923533172491	0.3357809275628567	0.3285267191198943
0.3356908400777906	0.33576967858571266	0.32853948133649685
0.3357009539068633	0.33577228448334195	0.3285267616097949
0.3357068625314533	0.3357576050402507	0.3285355324282961
0.3357064241355858	0.3357591079331683	0.328534467931246
0.33569722706593685	0.3357705403910494	0.3285322325430138
0.3357083249344435	0.33575676905589463	0.3285349060096619
0.3356894295755979	0.3357747677039278	0.32853580272047445
0.33571217110549917	0.33578113071897403	0.32850669817552686
0.3356924989582337	0.33578065963591597	0.3285268414058504
0.33567624902218535	0.33575706385815746	0.3285666871196573
0.33570773244003616	0.3357683916175702	0.32852387594239374
0.335712363711024	0.3357615656632634	0.32852607062571276
0.33571185820738525	0.33577672218353516	0.32851141960907965
0.33570032355304097	0.335779615943872	0.32852006050308713
0.33570510393059827	0.3357721078946193	0.3285227881747826
0.33569155173290466	0.33577039722879387	0.3285380510383016
0.33568391007335685	0.33579089559614983	0.32852519433049343
0.3357090996705886	0.3357893601250941	0.32850154020431743
0.33569716881092326	0.3357662474372243	0.32853658375185263
0.3357085413832491	0.3357532920514489	0.3285381665653021
0.33570166560200926	0.3357579380879682	0.32854039631002263
0.33570484930985556	0.3357629279130332	0.32853222277711136
0.3356915677527398	0.33577673088794885	0.3285317013593115
0.3357140123331082	0.3357645049966987	0.3285214826701932
0.3356854462285121	0.33578072784779645	0.32853382592369157
0.33571480640297086	0.33577133085318134	0.3285138627438479
0.335689383487483	0.3357900933451708	0.3285205231673463
0.33569826782557816	0.335787641557542	0.32851409061688
0.33570298254800435	0.33577709540098427	0.3285199220510115
0.3357008792647728	0.3357649960025493	0.328534124732678
0.3357059495496677	0.33577119817851614	0.32852285227181627
0.33570274135188527	0.33577365891982985	0.328523599728285
0.33571368609213176	0.33578663548579085	0.3284996784220775
0.33571196883753635	0.33576707912716863	0.3285209520352952
0.3356896230502281	0.33578458630685204	0.32852579064292
0.3356970232866199	0.3357615028047226	0.3285414739086576
0.3357116141608354	0.33578835598096285	0.32850002985820187
0.3356814398372523	0.33576731698687945	0.3285512431758683
0.3357060806152507	0.3357817574503371	0.3285121619344123
0.3356965022176882	0.33578674676014714	0.32851675102216477
0.3356877764313548	0.33577902133403786	0.32853320223460747
0.3356994624281704	0.3357669933891291	0.32853354418270064
0.3356894750269524	0.3357785607308921	0.32853196424215564
0.3356773175058982	0.33578499483014523	0.3285376876639567
0.3356840050832336	0.33576840380826406	0.3285475911085025
0.33570797190847473	0.33577235573672704	0.3285196723547984
0.33568001650343676	0.33576996661612885	0.3285500168804345
0.33569423447859836	0.3357838774542648	0.32852188806713695
0.33568862515424874	0.33576699723866715	0.32854437760708416
0.3356838480462756	0.3357811349625648	0.3285350169911597
0.33568408972232483	0.3357793922469835	0.3285365180306918
0.3356888062505365	0.3357653364443294	0.32854585730513425
0.33569502466363027	0.33577949675752294	0.3285254785788469
0.3356785197764751	0.33575989337075	0.3285615868527749
0.3357068143100632	0.335754337550367	0.3285388481395699
0.3356779624471952	0.33578199151564075	0.3285400460371641
0.3356810048338944	0.3357648372128384	0.3285541579532673
0.33568864365265316	0.3357846729904483	0.32852668335689866
0.3357004240538395	0.3357868142148609	0.32851276173129973
0.33570186175003097	0.3357532314440034	0.32854490680596576
0.3356886566056009	0.3357821958433344	0.3285291475510648
0.33568621918100267	0.3357814068865114	0.328532373932486
0.33569272449154836	0.3357633974871454	0.32854387802130636
0.33571320070753874	0.33575218989661443	0.32853460939584694
0.33570190491992574	0.33575254768340174	0.32854554739667263
0.33568924280332607	0.3357762820653271	0.3285344751313469
0.335693926371472	0.33576904242368233	0.32853703120484584
0.3356993329227339	0.33578217531472204	0.32851849176254416
0.3356944313053915	0.3357746749856432	0.32853089370896543
0.33568675485232635	0.33575582193382353	0.32855742321385023
0.3356843214030234	0.3357811329390077	0.328534545657969
0.33568818597051664	0.33578841612097954	0.32852339790850393
0.33571273176742555	0.3357889349508478	0.3284983332817268
0.33568600705028284	0.33576262241738225	0.328551370532335
0.33568917407079396	0.3357754522481468	0.32853537368105934
0.3357126984165124	0.33577856888118857	0.3285087327022991
0.33568176709501346	0.33577113157610744	0.32854710132887927
0.335708624894067	0.3357569245719519	0.3285344505339812
0.3356807277928011	0.33577410011627673	0.3285451720909222
0.3356910670863052	0.3357521084160296	0.3285568244976654
0.3356944947738585	0.33577361468915917	0.3285318905369825
0.33568598760815205	0.33578704396808357	0.3285269684237645
0.3357078516202363	0.3357620086991179	0.3285301396806459
0.3356915816807524	0.3357900149455154	0.3285184033737323
0.3357095678806158	0.3357727791404683	0.328517652978916
0.3356967099719822	0.33579190912976575	0.32851138089825216
0.3356933694886044	0.33577009051934814	0.32853653999204757
0.3357019888663944	0.3357649662860394	0.32853304484756635
0.33568636909466626	0.335768154516109	0.32854547638922493
0.33571292511266887	0.3357720170938302	0.3285150577935011
0.33571302528858016	0.3357674243770054	0.32851955033441455
0.33570896685236196	0.3357815299613358	0.32850950318630234
0.335675910412493	0.33577203890619056	0.32855205068131654
0.335682906286104	0.3357843740609154	0.32853271965298075
0.3357136669507333	0.33578019968534023	0.3285061333639266
0.33570845401743216	0.3357825126804299	0.328509033302138
0.3357086009035073	0.3357678070306567	0.32852359206583615
0.3357142636406542	0.33578730279073493	0.32849843356861097
0.3356757413120488	0.33577767189458163	0.3285465867933697
0.3356921530302218	0.3357833633544422	0.3285244836153361
0.3357080004281844	0.33576649555189414	0.3285255040199216
0.33570589178465965	0.3357583632192328	0.32853574499610766
0.335696895477894	0.33577966686403793	0.3285234376580682
0.3357011538113952	0.3357562876260729	0.328542558562532
0.33568223553460763	0.33577385501303425	0.32854390945235823
0.3356807883652272	0.33578151924635186	0.32853769238842107
0.3356854003006663	0.33578382099718845	0.32853077870214537
0.3357095812350086	0.335770571741754	0.3285198470232375
0.3357082368987469	0.3357847180607015	0.3285070450405517
0.3357126849300522	0.33577155804549874	0.32851575702444913
0.33569536413807094	0.33576458085300737	0.3285400550089218
0.33569975286865483	0.33577799145550774	0.32852225567583754
0.33568308980606376	0.3357569174020567	0.32855999279187964
0.33570084207242296	0.3357806649347494	0.32851849299282776
0.3356764328239235	0.33576798021428644	0.32855558696179016
0.3357082088362657	0.335770215224418	0.3285215759393164
0.3356978659070955	0.33578645532267176	0.32851567877023286
0.3356997535790305	0.3357839079339207	0.328516338487049
0.33568286757156074	0.3357833261731413	0.32853380625529804
0.33568793229733657	0.3357908368875535	0.32852123081511
0.33569265103062834	0.33575839247744055	0.3285489564919313
0.33570618643787264	0.3357731942067687	0.32852061935535876
0.3356892462217317	0.3357646672710446	0.32854608650722383
0.3356900169058603	0.3357611130438448	0.328548870050295
0.3357078554245128	0.33578573277642604	0.32850641179906126
0.3356987523627081	0.3357821689716959	0.32851907866559615
0.33568885611786053	0.33576712908824946	0.32854401479389017
0.33569726978800124	0.3357815573223809	0.32852117288961796
0.3356773419188064	0.33575441066475437	0.32856824741643936
0.33567903401422583	0.3357801044569339	0.32854086152884043
0.33568965877964096	0.3357579988144408	0.32855234240591835
0.33568714105060815	0.3357674653220219	0.32854539362737006
0.33567916861551356	0.33577473766830446	0.3285460937161821
0.3356858478094932	0.33575571528790055	0.3285584369026064
0.3357011696465565	0.3357809783419701	0.3285178520114735
0.33569997608519947	0.3357655450127926	0.3285344789020081
0.3357092378328889	0.33576208931683654	0.32852867285027465
0.335693033321694	0.33576243566892167	0.32854453100938447
0.3356839518858689	0.3357676270104261	0.3285484211037051
0.335705170942882	0.33578907386557266	0.32850575519154546
0.3356894477148725	0.33575625015616584	0.32855430212896175
0.33568992384661983	0.3357607726526685	0.32854930350071176
0.3357060872474553	0.3357582149501638	0.32853569780238095
0.3356805947982397	0.33576175099385686	0.3285576542079035
0.33571223438065806	0.33577449631793366	0.3285132693014084
0.3357087996969767	0.33576941538575306	0.3285217849172704
0.33567696832111965	0.33578629669300025	0.32853673498588015
0.3356910861248461	0.33577578641705114	0.3285331274581028
0.33570040597023576	0.3357577722945463	0.32854182173521806
0.3357008677728141	0.3357525347741848	0.32854659745300113
0.33568190746598703	0.3357791392267382	0.3285389533072749
0.3357143454883321	0.3357707841050235	0.3285148704066445
0.3356762914086469	0.3357758074720685	0.3285479011192847
0.33569117198907206	0.33578209885124766	0.3285267291596804
0.3356832976956064	0.33577375331347614	0.32854294899091757
0.33570915321276984	0.3357788703260951	0.32851197646113517
0.3357100961187408	0.3357604571661045	0.3285294467151548
0.3357065258945897	0.33577953802893634	0.32851393607647406
0.33571057715991764	0.33576362954009864	0.3285257932999838
0.3356854890011943	0.3357907541089077	0.3285237568898981
0.3357133971687584	0.3357761309276868	0.3285104719035548
0.33568885427834577	0.33575603057569847	0.32855511514595587
0.3357042814673881	0.335761335131364	0.32853438340124796
0.33569702667677787	0.3357664986801936	0.32853647464302865
0.3356952037822959	0.33578132450558185	0.3285234717121224
0.33570687731422905	0.33576548571784814	0.3285276369679229
0.33570268264439374	0.33577551812951406	0.3285217992260923
0.3356931772834423	0.3357879090222355	0.32851891369432235
0.33568101005548767	0.3357725694966768	0.3285464204478357
0.33570089683373366	0.33578704131383674	0.3285120618524297
0.3356973387064497	0.33578502187958076	0.3285176394139696
0.335685787405779	0.33576708630013696	0.3285471262940842
0.33567584630834046	0.3357572096394969	0.32856694405216275
0.33569346038302583	0.3357772390433782	0.3285293005735961
0.3356938116742826	0.3357545606641712	0.3285516276615463
0.3357135851340621	0.33578370417884273	0.3285027106870953
0.3356979527605356	0.3357568734720653	0.3285451737673992
0.33567597789794995	0.3357618943126882	0.32856212778936195
0.33568600076206956	0.3357735965092351	0.3285404027286954
0.3357048536026348	0.3357723815357195	0.32852276486164583
0.3357038316649786	0.3357558587148193	0.32854030962020225
0.3356772369686203	0.3357826770681045	0.32854008596327533
0.335698113923622	0.33576070735343905	0.3285411787229391
0.3357016022270179	0.33576199052628225	0.3285364072467
0.33569697195850456	0.3357897004860799	0.3285133275554156
0.33567582206342916	0.3357702696470019	0.3285539082895691
0.33570247870512154	0.33578380679531383	0.32851371449956474
0.33569866762420975	0.335785218631542	0.3285161137442484
0.3356928460671431	0.3357858342644044	0.32852131966845255
0.3356849374160919	0.33577556043037643	0.3285395021535318
0.33567760604387625	0.33576264029811564	0.3285597536580082
0.3356771654027479	0.3357743442461056	0.32854849035114664
0.33571240325308455	0.335765421318163	0.32852217542875256
0.33571171923647686	0.3357818300316596	0.3285064507318636
0.33569769540456107	0.3357774321156583	0.32852487247978074
0.3356970098443037	0.3357699937293745	0.32853299642632194
0.33570083396277384	0.33576808468499447	0.3285310813522318
0.33570424304569374	0.335781563637871	0.3285141933164354
0.33571481159295985	0.3357648533138331	0.32852033509320716
0.33570316305344544	0.3357612581450078	0.3285355788015469
0.3357116800992643	0.33577998544963217	0.32850833445110367
0.3357040265269413	0.335783509413032	0.3285124640600268
0.33569856546176613	0.3357764182540651	0.32852501628416886
0.3357090437173176	0.33577910841596764	0.3285118478667149
0.3357109951358016	0.3357708944046993	0.3285181104594992
0.3356757041177108	0.33577882383451857	0.32854547204777074
0.3356906318126172	0.3357733210869655	0.3285360471004174
0.3356800237905722	0.33577374370801305	0.32854623250141485
0.33569311998343276	0.33575480834851235	0.328552071668055
0.3356758310857932	0.3357893826473357	0.3285347862668712
0.3357089141238316	0.33576309313762576	0.3285279927385428
0.3356851982480209	0.33576937009254254	0.32854543165943667
0.33570468345003335	0.33577496641540916	0.3285203501345576
0.3357085278527471	0.3357696992003978	0.32852177294685525
0.3357134588786978	0.3357814409899246	0.3285051001313778
0.3357113300905241	0.33575376101668464	0.32853490889279136
0.3357023156159267	0.33577013409391865	0.32852755029015474
0.3356962782741006	0.33577945106098633	0.3285242706649132
0.33568578133936644	0.3357886831456629	0.3285255355149707
0.33569216022846016	0.3357657888347507	0.32854205093678923
0.3357097656280998	0.33575319313176377	0.32853704124013655
0.3356983321158828	0.3357783254258695	0.3285233424582479
0.3357092970113745	0.3357905816507632	0.32850012133786244
0.335686502799887	0.3357685358907086	0.3285449613094046
0.33569228744814156	0.33577750738703266	0.3285302051648259
0.33568515764472673	0.33577927416856307	0.3285355681867103
0.3356835430840971	0.33577989041611533	0.32853656649978763
0.335711371498157	0.3357603088465395	0.3285283196553036
0.33568781478083004	0.33577144111586454	0.3285407441033055
0.33570608148903525	0.3357753491004968	0.3285185694104681
0.33570291385738266	0.33576706229827435	0.3285300238443431
0.3357036996053833	0.3357909843289402	0.3285053160656766
0.3356757734324104	0.33576367485654995	0.3285605517110398
0.33569381408008314	0.33576525316813727	0.3285409327517797
0.3356807217092807	0.33578188124530195	0.32853739704541746
0.3357039603523641	0.3357796702396109	0.3285163694080251
0.3356763352134473	0.335765815034238	0.3285578497523148
0.3356795325358028	0.33578598644451224	0.3285344810196851
0.3356880993750798	0.33577903921578417	0.32853286140913607
0.3356856016438947	0.33576908430304725	0.3285453140530582
0.33569568184979154	0.33576154320449997	0.3285427749457086
0.33568433858814584	0.3357551329386545	0.32856052847319983
0.3357044193031304	0.3357799153969595	0.32851566529991016
0.3356925930744559	0.3357840976104022	0.328523309315142
0.33570743122207874	0.33577351699728814	0.32851905178063323
0.3356759418473333	0.3357834564806474	0.3285406016720194
0.3356789922209759	0.3357909006236929	0.3285301071553313
0.3356826273987781	0.3357773769098806	0.3285399956913415
0.33569251775252046	0.3357766479996311	0.32853083424784857
0.3357113109243344	0.33576864626615016	0.3285200428095155
0.33568775538003826	0.3357521255289993	0.32856011909096255
0.33571346541698843	0.3357763464953597	0.328510188087652
0.33571193784810194	0.3357849417138608	0.32850312043803737
0.3356753337449978	0.3357816934595708	0.32854297279543143
0.33567758148539767	0.33575614864520664	0.3285662698693958
0.33570111413680664	0.335791559571073	0.3285073262921205
0.3356826906379653	0.3357627386501713	0.3285545707118635
0.3356750601184132	0.3357635473219982	0.32856139255958877
0.3356915048440597	0.3357666071262289	0.3285418880297115
0.3356834341742039	0.3357809808559812	0.32853558496981505
0.3356751243623451	0.33577007329867836	0.32855480233897666
0.33570771190124393	0.3357794698260668	0.32851281827268936
0.33570049756972065	0.33578774846423914	0.3285117539660403
0.3356972137199164	0.33576812118707194	0.32853466509301177
0.3356793199373252	0.335766468374708	0.3285542116879669
0.3356802241000464	0.3357552133291169	0.3285645625708368
0.33568308924115464	0.3357906454722235	0.328526265286622
0.3357111052489238	0.3357683179825179	0.3285205767685585
0.3357085115515369	0.3357767806461503	0.3285147078023129
0.33571434827591967	0.3357872136685967	0.3284984380554837
0.33567828493783297	0.3357851152410272	0.3285365998211399
0.33568930482228765	0.3357707576986064	0.32853993747910604
0.3357107997923543	0.3357819582918289	0.3285072419158169
0.33568986852540716	0.3357728450299918	0.3285372864446012
0.33567730666739687	0.3357706754156357	0.32855201791696753
0.33569252562649715	0.3357552133418283	0.3285522610316747
0.3357029170851661	0.3357762863970608	0.3285207965177732
0.33570189488284125	0.33576142493992683	0.3285366801772321
0.33571451145483505	0.33577893405960074	0.3285065544855643
0.3356974972795072	0.33578912816975803	0.3285133745507349
0.33568337176466523	0.33576478296114437	0.3285518452741905
0.33568590407582205	0.3357767666330162	0.32853732929116186
0.3356912493946637	0.33578860313305053	0.3285201474722858
0.3356986283785951	0.3357778585150529	0.32852351310635214
0.3356905542912171	0.3357754539958139	0.32853399171296915
0.3357106016920652	0.33575642496015334	0.3285329733477816
0.33571478093282314	0.3357822450858456	0.32850297398133144
0.3356942847861147	0.3357839882297924	0.32852172698409304
0.33568531608097524	0.33577383424396645	0.3285408496750584
0.3356933541772135	0.33578417216720546	0.3285224736555812
0.33570517648133513	0.33578680303320174	0.32850802048546324
0.3356966763954229	0.3357533266559421	0.3285499969486351
0.33570260885452496	0.33576965842244233	0.3285277327230328
0.33571182922751047	0.3357812422044864	0.32850692856800323
0.33570343629877425	0.33575914572638565	0.3285374179748402
0.335704056186686	0.33578954034065694	0.3285064034726572
0.33567881749667555	0.3357908055657037	0.3285303769376209
0.3356882386876395	0.33577774128094207	0.32853402003141857
0.3356781893256503	0.33578374331561794	0.32853806735873187
0.33570982401857286	0.33576359447550475	0.3285265815059225
0.3356811084064472	0.3357784570801708	0.3285404345133821
0.33570287839774154	0.33577929208244905	0.32851782951980957
0.3356988395578038	0.3357877333326778	0.32851342710951853
0.3356921406740045	0.3357668148309983	0.3285410444949974
0.33568907144837934	0.33577774014385364	0.32853318840776713
0.3356931842347895	0.33579053840062445	0.32851627736458616
0.3356802006648507	0.3357789230731741	0.3285408762619753
0.33568478646936917	0.33576766175582845	0.3285475517748025
0.3356837917001593	0.33578507423830944	0.3285311340615314
0.33570738116510696	0.33576007522294704	0.32853254361194617
0.3357087435057394	0.33576042010184826	0.32853083639241243
0.335681720113918	0.3357627823552577	0.3285554975308244
0.3357068893788208	0.33577976518824726	0.32851334543293204
0.3356895546571033	0.3357687249160299	0.32854172042686686
0.3356825431062686	0.3357782948181489	0.3285391620755826
0.3357116738590443	0.33576064155622	0.3285276845847358
0.3356890665852619	0.3357542081492166	0.3285567252655216
0.33569119299014666	0.33576432811947876	0.3285444788903747
0.33571412530364253	0.335787380733583	0.3284984939627746
0.33571065726882215	0.3357604593840604	0.32852888334711755
0.33570791641088144	0.33577408285991484	0.32851800072920384
0.33571211043505456	0.3357529081175939	0.32853498144735166
0.33567840688079925	0.3357793237581257	0.32854226936107517
0.3356980956238269	0.3357697267254655	0.3285321776507077
0.3356833039534454	0.33577867877360257	0.3285380172729521
0.33568519627081694	0.33576511445012247	0.3285496892790607
0.33570933749477033	0.33578111121597226	0.3285095512892575
0.3357122997466455	0.33577134397381764	0.32851635627953696
0.3356839586623311	0.33578482111416874	0.32853122022350023
0.33570913850254797	0.3357908025712622	0.32850005892618994
0.33568791349376886	0.3357692220393658	0.3285428644668654
0.3356999455113026	0.3357789994097094	0.3285210550789881
0.3357070953790632	0.33576632875896933	0.3285265758619676
0.3356857780254798	0.33578574913214954	0.3285284728423708
0.3356888691583785	0.33579042008073623	0.3285207107608854
0.33569811503630953	0.33576870646340423	0.32853317850028635
0.3357103194385034	0.3357818249111755	0.32850785565032126
0.33570191864959514	0.3357856303748087	0.3285124509755962
0.33570480853374385	0.33577072929996166	0.32852446216629466
0.3357057173715763	0.3357773171592031	0.3285169654692207
0.3357083452622492	0.3357520339885284	0.32853962074922255
0.3356853576107945	0.3357797448923124	0.32853489749689324
0.3356865993235346	0.33577823047492167	0.3285351702015439
0.3356977576311127	0.33577353026027446	0.32852871210861295
0.3357052375246678	0.3357587250137652	0.3285360374615671
0.33569776656746175	0.3357812430716666	0.32852099036087173
0.3357009151320419	0.3357728762526314	0.32852620861532683
0.33571374093664025	0.33575806310415574	0.3285281959592041
0.3357035429433416	0.33578075343365393	0.3285157036230046
0.33568674095787326	0.3357856852082294	0.32852757383389747
0.3356761684693356	0.3357784499047526	0.3285453816259119
0.3356928643882218	0.3357592566900399	0.32854787892173837
0.3356844071947688	0.3357616737277736	0.32855391907745773
0.335708494709344	0.3357883750681218	0.3285031302225343
0.3356906792925608	0.33577561334900496	0.32853370735843435
0.33568355656047005	0.3357769907338305	0.32853945270569956
0.3356835422271446	0.3357755249115994	0.32854093286125613
0.3356963272896176	0.33578296837286875	0.3285207043375137
0.3357032516761819	0.33576653102043447	0.3285302173033837
0.3357033089380508	0.33577139695340474	0.3285252941085446
0.33569409202713363	0.3357695988475893	0.3285363091252772
0.3356992791281228	0.3357807866262592	0.3285199342456181
0.33569642364255203	0.3357674713972533	0.32853610496019475
0.3357041635733531	0.33577591049280825	0.3285199259338387
0.33569064571839624	0.33578148227965376	0.3285278720019501
0.33570504251639177	0.3357758555791742	0.3285191019044342
0.33569679863870394	0.3357568286965984	0.32854637266469777
0.3356801137645553	0.33575312127311707	0.32856676496232773
0.33569486928174425	0.33578736695753497	0.3285177637607209
0.3357111481010158	0.3357914204540668	0.32849743144491755
0.3356803169203283	0.3357802903021479	0.328539392777524
0.33568116745386956	0.3357698453131335	0.328548987232997
0.3356932344889457	0.3357624632919451	0.3285443022191093
0.33571030723715833	0.33578447499666975	0.328505217766172
0.3356846628848175	0.3357530010392346	0.328562336075948
0.33569027990237765	0.33577907001726054	0.3285306500803619
0.3356787346852321	0.3357691163664416	0.3285521489483264
0.3356853077265995	0.3357629534872264	0.3285517387861742
0.3356962010176399	0.3357815439142545	0.3285222550681057
0.33569511756196835	0.33576497244297504	0.3285399099950567
0.3356828635540891	0.33578665877896946	0.32853047766694154
0.3356974566139829	0.33575965032649996	0.3285428930595173
0.33567971892298315	0.33576528581032805	0.3285549952666889
0.3357055642645202	0.3357525958503218	0.3285418398851581
0.3357101452437932	0.3357602623723786	0.3285295923838283
0.33571247677572114	0.3357527763660845	0.3285347468581944
0.33570572532972937	0.33576409149152553	0.3285301831787452
0.33568489089968545	0.3357799813467282	0.32853512775358645
0.3356805152228407	0.33576045498865603	0.3285590297885034
0.33567624816507674	0.335790618706752	0.3285331331281714
0.33569234784332963	0.33576142040330653	0.32854623175336395
0.3357020467318427	0.3357575016513197	0.32854045161683776
0.33571492397004754	0.3357747031465336	0.32851037288341894
0.3356888994644767	0.33577688782316695	0.3285342127123565
0.3356776171013235	0.3357700744916621	0.32855230840701455
0.3356770163407331	0.33578386295753265	0.3285391207017343
0.3356891761701082	0.3357630894605183	0.3285477343693736
0.33569697347717664	0.3357644884124949	0.3285385381103285
0.3356890257650551	0.3357890414630453	0.3285219327718997
0.33568339475864534	0.3357593886159293	0.3285572166254255
0.3356998411616481	0.3357700137057219	0.3285301451326302
0.3357095323868413	0.33575497642279317	0.3285354911903656
0.33567573643845827	0.3357873539243673	0.3285369096371745
0.3356789263665283	0.33576770566163466	0.32855336797183715
0.3356913789160969	0.33575527170753566	0.3285533493763676
0.3356815224620262	0.33578638795656796	0.32853208958140595
0.33568539012650717	0.33577989287800436	0.3285347169954886
0.33568786143852897	0.33578630248350905	0.3285258360779621
0.33568364470700807	0.3357727466432428	0.32854360864974924
0.33568973547381437	0.33579176559840174	0.328518498927784
0.3357054208227275	0.3357899710534108	0.32850460812386184
0.33568478351048353	0.3357668908068166	0.3285483256826999
0.33570262135346873	0.3357559728659148	0.3285414057806166
0.3357121313380514	0.33576621567848924	0.3285216529834594
0.33567802955531256	0.3357615551069171	0.3285604153377705
0.3356783865718606	0.33575611973482095	0.32856549369331856
0.33570287707419055	0.33575789551733637	0.3285392274084732
0.3357140354325283	0.3357606330645666	0.32852533150290514
0.33570813147984946	0.3357580931123361	0.32853377540781453
0.3357111220518707	0.33575600054789156	0.32853287740023784
0.33571224723900317	0.3357726223869882	0.32851513037400876
0.3357071130751592	0.3357719651367594	0.3285209217880815
0.33569139752357113	0.33578468178708454	0.32852392068934444
0.3356764212339034	0.33575772237021206	0.32856585639588465
0.33571097407790895	0.3357850501574102	0.32850397576468093
0.33569557969206265	0.33576976572044803	0.3285346545874894
0.33570785752229454	0.3357735935334978	0.3285185489442078
0.3356772870377052	0.33575766611603736	0.32856504684625754
0.33568957469208127	0.33575392686264405	0.32855649844527485
0.33569872554102875	0.3357533849590052	0.3285478894999661
0.3356759351966804	0.33578024645132837	0.32854381835199137
0.33571490345900185	0.33575516751520496	0.3285299290257933
0.33570897129343313	0.3357665185399093	0.3285245101666576
0.3356932984986218	0.3357891883007108	0.3285175132006675
0.33571363880237043	0.3357581584822528	0.3285282027153769
0.3356901548909491	0.33577970319404105	0.32853014191500995
0.3356904931167396	0.3357625805085244	0.32854692637473604
0.3356817475083972	0.3357894134289888	0.3285288390626141
0.3357056179452681	0.3357889428513643	0.3285054392033677
0.33571322283999694	0.3357800621791145	0.3285067149808887
0.3356806978565281	0.33577952266574274	0.3285397794777293
0.33571033761565744	0.33575363478045317	0.32853602760388956
0.3357090978884767	0.33577942021373575	0.32851148189778767
0.3356967599539086	0.3357599311935523	0.3285433088525393
0.3357075098564145	0.3357614116536017	0.328531078489984
0.33567719035445776	0.33578773917420857	0.3285350704713338
0.3356804915144725	0.33576132995058583	0.3285581785349418
0.3357055813527637	0.33577791434387344	0.328516504303363
0.33567758346047466	0.33577752739648037	0.3285448891430451
0.3357019932578932	0.3357723697181903	0.32852563702391663
0.3357092734413515	0.3357876291990624	0.3285030973595862
0.3356789074137629	0.3357746742802511	0.32854641830598613
0.33571102521400564	0.3357613097400172	0.3285276650459773
0.3356864803209152	0.3357704526514917	0.3285430670275932
0.3356791194270479	0.33578690873143485	0.32853397184151734
0.3356927324158609	0.3357728072911621	0.3285344602929771
0.33568148025200145	0.3357789894726021	0.32853953027539656
0.3356952503146511	0.33577813129550765	0.3285266183898414
0.335693431625592	0.33577052363708654	0.32853604473732156
0.33569048609883884	0.3357824381362372	0.328527075764924
0.3357081395260676	0.3357874846262003	0.32850437584773223
0.3357025255639849	0.3357544684090243	0.32854300602699094
0.3357147904873335	0.3357558582378008	0.3285293512748658
0.3356843109588201	0.3357909774704257	0.3285247115707543
0.3356878388865286	0.33578694660797626	0.32852521450549527
0.3356896640705926	0.33577199120282536	0.3285383447265821
0.3356871070642523	0.3357648039873898	0.3285480889483581
